<?xml version="1.0"?>
<opencv_storage>
<calibration_Time>"mar. 25 juil. 2017 16:19:33 CEST"</calibration_Time>
<nrOfFrames>2</nrOfFrames>
<image_Width>640</image_Width>
<image_Height>360</image_Height>
<board_Width>6</board_Width>
<board_Height>7</board_Height>
<square_Size>108.</square_Size>
<FixAspectRatio>1.</FixAspectRatio>
<!-- flags:  +fix_aspectRatio -->
<flagValue>2</flagValue>
<camera_matrix type_id="opencv-matrix">
  <rows>3</rows>
  <cols>3</cols>
  <dt>d</dt>
  <data>
    2.3750395140313037e+02 0. 2.9438287239753237e+02 0.
    2.3750395140313037e+02 1.5630536505198077e+02 0. 0. 1.</data></camera_matrix>
<distortion_vector type_id="opencv-matrix">
  <rows>5</rows>
  <cols>1</cols>
  <dt>d</dt>
  <data>
    4.5777226730408245e-02 1.6565326867134232e-03
    -5.3421944000629417e-03 -7.0497971638711868e-04
    -1.4446938242639170e-02</data></distortion_vector>
<Avg_Reprojection_Error>2.9643938750474793e-323</Avg_Reprojection_Error>
<Per_View_Reprojection_Errors type_id="opencv-matrix">
  <rows>2</rows>
  <cols>1</cols>
  <dt>f</dt>
  <data>
    8.17862526e-02 6.55559972e-02</data></Per_View_Reprojection_Errors>
<!-- a set of 6-tuples (rotation vector + translation vector) for each view -->
<Extrinsic_Parameters type_id="opencv-matrix">
  <rows>2</rows>
  <cols>6</cols>
  <dt>d</dt>
  <data>
    3.1466521054706334e-02 -1.2558736833029301e-02
    1.2592384087873698e-01 -8.2986400494296458e+02
    1.2476401047785129e+02 1.3737724102476730e+03 5.6804871338738145e-03
    -3.0974815727232781e-03 4.4034060346971535e-03
    -2.6063686011612441e+02 7.5853609101627882e+01
    1.4090456047927505e+03</data></Extrinsic_Parameters>
<Image_points type_id="opencv-matrix">
  <rows>2</rows>
  <cols>42</cols>
  <dt>"2f"</dt>
  <data>
    1.48521484e+02 1.77665894e+02 1.67934769e+02 1.80234421e+02
    1.87256226e+02 1.82352219e+02 2.06261810e+02 1.84825043e+02
    2.25096649e+02 1.87090424e+02 2.43692062e+02 1.89445328e+02
    1.46351089e+02 1.96539764e+02 1.65816696e+02 1.98617294e+02
    1.84890732e+02 2.01012497e+02 2.04093613e+02 2.03249237e+02
    2.22693085e+02 2.05510651e+02 2.41517639e+02 2.07700256e+02
    1.44267517e+02 2.15054596e+02 1.63536469e+02 2.17332825e+02
    1.82854431e+02 2.19399368e+02 2.01646591e+02 2.21597794e+02
    2.20643661e+02 2.23745651e+02 2.39180344e+02 2.25975616e+02
    1.42047318e+02 2.33648438e+02 1.61446579e+02 2.35712173e+02
    1.80465317e+02 2.37859650e+02 1.99569565e+02 2.39952209e+02
    2.18244064e+02 2.42084625e+02 2.36949448e+02 2.44174698e+02
    1.39817810e+02 2.52299454e+02 1.59067795e+02 2.54354385e+02
    1.78299393e+02 2.56315430e+02 1.97193771e+02 2.58365601e+02
    2.16012512e+02 2.60368225e+02 2.34524170e+02 2.62496918e+02
    1.37535919e+02 2.70778870e+02 1.56796982e+02 2.72695374e+02
    1.75833923e+02 2.74770691e+02 1.94830933e+02 2.76666412e+02
    2.13533340e+02 2.78716400e+02 2.32231033e+02 2.80660919e+02
    1.35319397e+02 2.89310394e+02 1.54495834e+02 2.91302277e+02
    1.73534225e+02 2.93167572e+02 1.92479813e+02 2.95198486e+02
    2.11223007e+02 2.97065186e+02 2.29747192e+02 2.99146820e+02
    2.50436218e+02 1.69077988e+02 2.68606903e+02 1.69240417e+02
    2.86871887e+02 1.69228287e+02 3.05019958e+02 1.69359161e+02
    3.23263947e+02 1.69340027e+02 3.41395752e+02 1.69524918e+02
    2.50363083e+02 1.87301529e+02 2.68569824e+02 1.87296951e+02
    2.86726440e+02 1.87408264e+02 3.04933441e+02 1.87426987e+02
    3.23157440e+02 1.87538040e+02 3.41363403e+02 1.87530548e+02
    2.50285477e+02 2.05422791e+02 2.68505615e+02 2.05508560e+02
    2.86681915e+02 2.05500443e+02 3.04875732e+02 2.05597549e+02
    3.23098297e+02 2.05585434e+02 3.41318817e+02 2.05756836e+02
    2.50168686e+02 2.23613770e+02 2.68419006e+02 2.23612411e+02
    2.86582642e+02 2.23715393e+02 3.04770935e+02 2.23703674e+02
    3.23010132e+02 2.23827271e+02 3.41274811e+02 2.23838211e+02
    2.49989700e+02 2.41828964e+02 2.68300903e+02 2.41884781e+02
    2.86505127e+02 2.41831665e+02 3.04661346e+02 2.42012360e+02
    3.22922241e+02 2.42015137e+02 3.41195435e+02 2.42258896e+02
    2.49765701e+02 2.60281311e+02 2.68208984e+02 2.60169556e+02
    2.86438080e+02 2.60291321e+02 3.04624542e+02 2.60247711e+02
    3.22838745e+02 2.60393127e+02 3.41178802e+02 2.60385345e+02
    2.49592957e+02 2.78577820e+02 2.68003143e+02 2.78554016e+02
    2.86344879e+02 2.78507568e+02 3.04552673e+02 2.78587891e+02
    3.22782562e+02 2.78594971e+02 3.41104248e+02 2.78804688e+02</data></Image_points>
</opencv_storage>
