<?xml version="1.0"?>
<opencv_storage>
<calibration_Time>"Mit 09 Aug 2017 11:58:35 CEST"</calibration_Time>
<nrOfFrames>26</nrOfFrames>
<image_Width>640</image_Width>
<image_Height>480</image_Height>
<board_Width>7</board_Width>
<board_Height>6</board_Height>
<square_Size>1.0800000280141830e-01</square_Size>
<FixAspectRatio>1.</FixAspectRatio>
<!-- flags:  +fix_aspectRatio -->
<flagValue>2</flagValue>
<camera_matrix type_id="opencv-matrix">
  <rows>3</rows>
  <cols>3</cols>
  <dt>d</dt>
  <data>
    4.8971353493541858e+02 0. 3.2073228676795077e+02 0.
    4.8971353493541858e+02 2.4979591356681931e+02 0. 0. 1.</data></camera_matrix>
<distortion_vector type_id="opencv-matrix">
  <rows>5</rows>
  <cols>1</cols>
  <dt>d</dt>
  <data>
    -2.2592637797107804e-01 4.0410421086429178e-02
    -3.3166913791596607e-04 9.0235392478564356e-03
    1.0748171191576728e-02</data></distortion_vector>
<Avg_Reprojection_Error>2.1308522654891913e-317</Avg_Reprojection_Error>
<Per_View_Reprojection_Errors type_id="opencv-matrix">
  <rows>26</rows>
  <cols>1</cols>
  <dt>f</dt>
  <data>
    1.04378603e-01 1.07474416e-01 7.31240883e-02 8.73117447e-02
    8.02330673e-02 1.00817576e-01 1.12116091e-01 1.05037086e-01
    1.41235054e-01 1.11790046e-01 1.14303157e-01 1.14103392e-01
    1.19411230e-01 1.18797094e-01 1.49921060e-01 1.76482275e-01
    1.68826163e-01 2.23705992e-01 1.17286138e-01 1.59918457e-01
    2.22570866e-01 1.83189988e-01 2.60975391e-01 1.26498878e-01
    1.36703551e-01 1.76510230e-01</data></Per_View_Reprojection_Errors>
<!-- a set of 6-tuples (rotation vector + translation vector) for each view -->
<Extrinsic_Parameters type_id="opencv-matrix">
  <rows>26</rows>
  <cols>6</cols>
  <dt>d</dt>
  <data>
    2.3017878317601013e-02 -2.2996352183008821e-03
    -2.7542189549405738e-02 -1.5316132948354582e+00
    5.6929732853147130e-01 2.2872753935710364e+00 1.5269154915792896e-02
    -1.9479375258518730e-03 4.2581542680123893e-03
    -1.5075927380533989e+00 1.3581502771905959e-01
    2.2918604981859008e+00 6.6972052965028851e-03
    -2.9206804325001166e-03 2.5690261098239013e-02
    -1.5714059480781002e+00 -2.7394499012605611e-01
    2.2945202067653305e+00 2.8958780581021561e-03
    -5.9322074496045880e-03 -2.2103370878760940e-02
    -1.6362792412635705e+00 -6.8913144739962062e-01
    2.2954133809244204e+00 -5.7881388267828409e-03
    -7.6513197464669891e-03 -4.4562176252988268e-03
    -1.6094694846585003e+00 -1.2005107044290904e+00
    2.2944066769716609e+00 -1.5626577906335256e-02
    1.6303562246739027e-03 -8.6668839726192597e-03
    -1.1123615972458318e+00 -1.1763971811407761e+00
    2.2922212678115379e+00 -2.9724098846901456e-02
    7.3585406082894086e-03 -4.7417370684303146e-03
    -4.0783131137328593e-01 -1.1521098799051002e+00
    2.2826124162631038e+00 -2.9357428629758178e-02
    9.5402902096450633e-03 -4.4822532032121436e-03
    3.9447160645410236e-03 -1.1548893989394340e+00
    2.2802257756404161e+00 -2.5438952392916631e-02
    5.6464045366986324e-03 3.4684935817297924e-02 4.1649659723654858e-01
    -1.1582155219771058e+00 2.2810002085417285e+00
    -1.8368831074940188e-02 -6.4383147910509310e-03
    2.6736342032805976e-02 8.2584519424215397e-01
    -1.1342425719348914e+00 2.2824708227436417e+00
    -9.4345608658734665e-03 -6.3340424773258314e-03
    2.9273965109583088e-02 9.0720035144224143e-01
    -8.6757716343620173e-01 2.2805974970934182e+00
    1.5745207554243624e-03 -8.5078277016523531e-06
    5.2673791288296509e-02 8.3810558473696317e-01
    -4.8276309430737102e-01 2.2818237299575119e+00
    1.1500883668943456e-02 5.4407649304310547e-04 1.0255390460243256e-02
    8.1406945721167823e-01 -4.3054114570215470e-02
    2.2806048256590308e+00 2.4966986302232312e-02
    -7.9762851280565199e-03 4.6446793899265808e-02
    9.3917986404546194e-01 4.2240913236058136e-01 2.2768503402728770e+00
    3.0490743918379092e-02 -5.8226690647433217e-03
    6.1223608935175804e-02 8.0095029627164049e-01 5.3762276688504806e-01
    2.2739129417343853e+00 3.8033308402630396e-02 1.0479497534781052e-02
    2.1286228807820655e-02 1.3691202091086507e-01 4.7948813464533901e-01
    2.2640910047998450e+00 4.0995928049191166e-02 1.1559553334135849e-02
    -7.6039340005203723e-04 -4.0782748757328363e-01
    4.9096247774854118e-01 2.2641871888984357e+00 3.6165614470943325e-02
    1.0399728661877260e-02 -6.8239389567505720e-02
    -9.4132498971334388e-01 5.2575002574437946e-01
    2.2736276763074281e+00 1.7262677170352552e-02 2.4526480672581799e-03
    3.3929823683117102e-02 -1.2618663797517633e+00
    1.0425341718409095e-01 2.2890347838016187e+00 1.1149240788837885e-02
    -2.9905840472020310e-03 1.4423998839448129e-01
    -7.0061644820010804e-01 -2.8389441004659710e-01
    2.2751889345381002e+00 -1.8396524931608319e-02
    1.8304423296703475e-02 3.5544242553927727e-02
    -2.1699295487851336e-02 -3.9913102739654199e-01
    2.2790369754063433e+00 1.5635798701449273e-02 1.7497721717802187e-02
    1.8101333007214668e-01 3.2689184779360381e-01
    -1.6553268597078502e-01 2.2751848723387882e+00
    -1.0538199881073965e-02 1.1904232966416475e-02
    4.8262327719268911e-03 3.6727992696975059e-01
    -5.9107113473119222e-01 2.2777113296487754e+00
    -2.4370633597503757e-02 1.1086280812524231e-02
    -5.4998767922090699e-02 8.6635656094118982e-02
    -9.4772362802488408e-01 2.2766175993124929e+00
    -2.0086797151398765e-02 2.4222397671317961e-03
    -2.5800992080932575e-02 -6.2017348557885965e-01
    -8.4553205412589305e-01 2.2771897596555464e+00
    -2.6328210657084170e-02 1.0156769358810228e-02
    1.8709231314688710e-01 -1.6934369108505321e-01
    -6.1653899488759689e-01 2.2766846662963753e+00</data></Extrinsic_Parameters>
