<?xml version="1.0"?>
<opencv_storage>
<calibration_Time>"jeu. 27 juil. 2017 14:34:25 CEST"</calibration_Time>
<nrOfFrames>10</nrOfFrames>
<image_Width>640</image_Width>
<image_Height>480</image_Height>
<board_Width>6</board_Width>
<board_Height>7</board_Height>
<square_Size>108.</square_Size>
<FixAspectRatio>1.</FixAspectRatio>
<!-- flags:  +fix_aspectRatio -->
<flagValue>2</flagValue>
<camera_matrix type_id="opencv-matrix">
  <rows>3</rows>
  <cols>3</cols>
  <dt>d</dt>
  <data>
    6.5932393893002507e+02 0. 3.4233803635438045e+02 0.
    6.5932393893002507e+02 2.5641984705427529e+02 0. 0. 1.</data></camera_matrix>
<distortion_vector type_id="opencv-matrix">
  <rows>5</rows>
  <cols>1</cols>
  <dt>d</dt>
  <data>
    -4.3277868585166313e-01 1.2585232506089133e-01
    -1.7666650947553749e-03 -7.0718901922760811e-04
    2.4750803044929909e-01</data></distortion_vector>
<Avg_Reprojection_Error>2.9643938750474793e-323</Avg_Reprojection_Error>
<Per_View_Reprojection_Errors type_id="opencv-matrix">
  <rows>10</rows>
  <cols>1</cols>
  <dt>f</dt>
  <data>
    1.79690614e-01 1.02053970e-01 1.50893867e-01 1.21987924e-01
    1.55028924e-01 2.00652882e-01 9.43370983e-02 1.15295917e-01
    1.60205871e-01 1.41786054e-01</data></Per_View_Reprojection_Errors>
<!-- a set of 6-tuples (rotation vector + translation vector) for each view -->
<Extrinsic_Parameters type_id="opencv-matrix">
  <rows>10</rows>
  <cols>6</cols>
  <dt>d</dt>
  <data>
    -1.7328325609856438e-01 -4.5624611216875291e-02
    -3.1193756765627909e+00 2.6633496369461699e+02
    -3.3128794516860211e+02 2.7404201161059764e+03
    -1.4540475477740666e-01 -4.4137365632998160e-01
    -2.7812111687230696e+00 8.5532442669885981e+01
    -3.9586283037293236e+02 2.6000369580225324e+03
    1.9663111563097835e-01 -5.4326020479625337e-01
    -2.3096927677086874e+00 5.3643234579685020e+02
    3.6655665063316487e+00 2.6378084957656965e+03
    -1.9457764196936089e-01 7.7501250765790564e-01
    -2.5580174729846594e+00 3.5588831217912588e+02
    2.1367458538027205e+02 2.9055419243175866e+03 4.5207980604379486e-02
    -4.2858844456533468e-01 -1.2535486419952566e+00
    -9.5412005126070358e+02 2.4566475972927347e+02
    2.5940671288707208e+03 3.1799605114898066e-01
    -2.9142176815273385e-01 1.5961901752818333e+00
    4.7050702812444712e+01 -7.9793882419934027e+02
    2.6492096815755312e+03 2.9469316344034185e-01 1.7815108400280844e-01
    1.1367935814576562e+00 -7.8134737703193650e+02
    -5.9658730040493037e+02 2.7911421253311578e+03
    -3.4468919940702619e-01 -1.3421021039187447e-01
    9.0089195687366996e-01 -5.8651314801542173e+02
    -8.7640632379867623e+02 2.9736315082779274e+03
    -7.1952436037836198e-01 -1.0859340317299495e+00
    1.7158749560087381e+00 -9.3390518705525967e+00
    -5.6544130269888888e+02 2.8491743753869355e+03
    -5.7438130778429985e-01 -5.6235950475717489e-01
    -1.4742551594036370e+00 1.1737932515176706e+02
    7.9783847419936444e+02 2.5214217305623124e+03</data></Extrinsic_Parameters>
<Image_points type_id="opencv-matrix">
  <rows>10</rows>
  <cols>42</cols>
  <dt>"2f"</dt>
  <data>
    4.05704041e+02 1.77415970e+02 3.80142944e+02 1.77175522e+02
    3.54550171e+02 1.77000229e+02 3.29261505e+02 1.76917755e+02
    3.04173401e+02 1.76866089e+02 2.79447205e+02 1.77032318e+02
    4.05839508e+02 1.52357513e+02 3.80394653e+02 1.52198944e+02
    3.54934723e+02 1.52114517e+02 3.29697754e+02 1.52170151e+02
    3.04706726e+02 1.52337936e+02 2.80177368e+02 1.52500046e+02
    4.05841034e+02 1.27652153e+02 3.80553131e+02 1.27568329e+02
    3.55382446e+02 1.27566521e+02 3.30317505e+02 1.27677689e+02
    3.05492523e+02 1.27942856e+02 2.80934448e+02 1.28463974e+02
    4.05781219e+02 1.03511116e+02 3.80730865e+02 1.03492470e+02
    3.55624329e+02 1.03531639e+02 3.30829224e+02 1.03747551e+02
    3.06174774e+02 1.04274979e+02 2.81845398e+02 1.04658951e+02
    4.05699432e+02 7.99978790e+01 3.80813538e+02 7.99243698e+01
    3.56279938e+02 8.03293228e+01 3.31284393e+02 8.05237122e+01
    3.07103119e+02 8.09710312e+01 2.82664703e+02 8.17216721e+01
    4.05514679e+02 5.71357574e+01 3.81068146e+02 5.72645836e+01
    3.56450775e+02 5.72673912e+01 3.32294769e+02 5.79849625e+01
    3.07539062e+02 5.86692505e+01 2.83917053e+02 5.92344208e+01
    4.05278290e+02 3.49105949e+01 3.80992340e+02 3.48998451e+01
    3.56766602e+02 3.55536423e+01 3.32641602e+02 3.55326538e+01
    3.08504028e+02 3.62307014e+01 2.84817688e+02 3.76301117e+01
    3.63787415e+02 1.56956604e+02 3.38291718e+02 1.49810181e+02
    3.13090668e+02 1.42757980e+02 2.88441559e+02 1.36053131e+02
    2.64363007e+02 1.29480835e+02 2.40833145e+02 1.23218040e+02
    3.72221893e+02 1.34602249e+02 3.46982513e+02 1.27733452e+02
    3.22184326e+02 1.21096718e+02 2.97813721e+02 1.14558929e+02
    2.73998657e+02 1.08373245e+02 2.50803696e+02 1.02376167e+02
    3.80232361e+02 1.13198418e+02 3.55432648e+02 1.06532585e+02
    3.30971863e+02 1.00133812e+02 3.06947662e+02 9.39797440e+01
    2.83485382e+02 8.81419678e+01 2.60495209e+02 8.24669418e+01
    3.87870026e+02 9.26496201e+01 3.63514557e+02 8.63406296e+01
    3.39487549e+02 8.01669922e+01 3.15774994e+02 7.43057861e+01
    2.92594269e+02 6.86745453e+01 2.70010773e+02 6.33282051e+01
    3.95278534e+02 7.31269836e+01 3.71326355e+02 6.69715347e+01
    3.47634216e+02 6.11018372e+01 3.24425171e+02 5.54304390e+01
    3.01523529e+02 5.00878792e+01 2.79232056e+02 4.50320396e+01
    4.02291138e+02 5.44668999e+01 3.78705231e+02 4.85500603e+01
    3.55512360e+02 4.28749580e+01 3.32568726e+02 3.74947929e+01
    3.10199371e+02 3.24060898e+01 2.88137695e+02 2.75162277e+01
    4.08938232e+02 3.66944351e+01 3.85836456e+02 3.10874310e+01
    3.63022247e+02 2.55583000e+01 3.40589020e+02 2.04052334e+01
    3.18416290e+02 1.54723873e+01 2.96753723e+02 1.08888836e+01
    4.74231262e+02 2.57329163e+02 4.55534698e+02 2.38675720e+02
    4.36745270e+02 2.19950058e+02 4.17796539e+02 2.01202072e+02
    3.98697937e+02 1.82415497e+02 3.79622467e+02 1.63679535e+02
    4.87637085e+02 2.40709351e+02 4.69650665e+02 2.22489761e+02
    4.51327454e+02 2.04195023e+02 4.32767303e+02 1.85784317e+02
    4.14152344e+02 1.67498703e+02 3.95470123e+02 1.49254181e+02
    5.00714630e+02 2.24894821e+02 4.82897095e+02 2.07149170e+02
    4.65112274e+02 1.89207947e+02 4.46988312e+02 1.71267288e+02
    4.28751740e+02 1.53341934e+02 4.10516022e+02 1.35481552e+02
    5.12560669e+02 2.09927567e+02 4.95591492e+02 1.92392883e+02
    4.78080475e+02 1.74964081e+02 4.60480133e+02 1.57376389e+02
    4.42624023e+02 1.39837067e+02 4.24804413e+02 1.22457535e+02
    5.24373596e+02 1.95314545e+02 5.07389771e+02 1.78452103e+02
    4.90470978e+02 1.61318436e+02 4.73256073e+02 1.44238159e+02
    4.55843079e+02 1.27128685e+02 4.38461761e+02 1.10062668e+02
    5.35013306e+02 1.81975403e+02 5.18701294e+02 1.65125488e+02
    5.02102936e+02 1.48441635e+02 4.85390289e+02 1.31640060e+02
    4.68410645e+02 1.14914032e+02 4.51374084e+02 9.84116364e+01
    5.45382507e+02 1.68668671e+02 5.29321777e+02 1.52589966e+02
    5.13197815e+02 1.36195953e+02 4.96714111e+02 1.19750877e+02
    4.80236237e+02 1.03501556e+02 4.63593201e+02 8.73543091e+01
    4.22335480e+02 3.04619965e+02 4.01016754e+02 2.93361206e+02
    3.79546021e+02 2.82055328e+02 3.57952515e+02 2.70679657e+02
    3.36302216e+02 2.59305420e+02 3.14631134e+02 2.47923676e+02
    4.33497864e+02 2.87341797e+02 4.11839386e+02 2.75732025e+02
    3.89965363e+02 2.64186737e+02 3.67887268e+02 2.52167526e+02
    3.45925903e+02 2.40887802e+02 3.23684113e+02 2.29338989e+02
    4.45171539e+02 2.69313416e+02 4.23076813e+02 2.57412048e+02
    4.00779999e+02 2.45473938e+02 3.78306976e+02 2.33751709e+02
    3.55724426e+02 2.21740250e+02 3.33178192e+02 2.10094162e+02
    4.57091309e+02 2.50474213e+02 4.34661316e+02 2.38310501e+02
    4.11929474e+02 2.26140915e+02 3.89111633e+02 2.13979492e+02
    3.66057190e+02 2.01928787e+02 3.42978546e+02 1.89990814e+02
    4.69416321e+02 2.31019501e+02 4.46533966e+02 2.18443863e+02
