<?xml version="1.0"?>
<opencv_storage>
<calibration_Time>"vr 11 aug 2017 10:10:03 CEST"</calibration_Time>
<nrOfFrames>39</nrOfFrames>
<image_Width>640</image_Width>
<image_Height>480</image_Height>
<board_Width>6</board_Width>
<board_Height>7</board_Height>
<square_Size>1.0800000280141830e-01</square_Size>
<FixAspectRatio>1.</FixAspectRatio>
<!-- flags:  +fix_aspectRatio -->
<flagValue>2</flagValue>
<camera_matrix type_id="opencv-matrix">
  <rows>3</rows>
  <cols>3</cols>
  <dt>d</dt>
  <data>
    4.1466407296187219e+02 0. 3.2784876526935585e+02 0.
    4.1466407296187219e+02 2.4200655525167369e+02 0. 0. 1.</data></camera_matrix>
<distortion_vector type_id="opencv-matrix">
  <rows>5</rows>
  <cols>1</cols>
  <dt>d</dt>
  <data>
    -2.2410764577362879e-01 6.8924178601529357e-02
    -1.3048654638913226e-03 -3.2936580596897979e-04
    -1.2663040687623292e-02</data></distortion_vector>
<ground_plane type_id="opencv-matrix">
  <rows>1</rows>
  <cols>4</cols>
  <dt>d</dt>
  <data>
    0. 0. 1. -2.4561764952647471e+00</data></ground_plane>
<Avg_Reprojection_Error>2.1370102996989566e-317</Avg_Reprojection_Error>
<Per_View_Reprojection_Errors type_id="opencv-matrix">
  <rows>39</rows>
  <cols>1</cols>
  <dt>f</dt>
  <data>
    6.47317246e-02 1.01377584e-01 2.11087123e-01 2.45209500e-01
    1.11098856e-01 1.28418609e-01 2.35061154e-01 8.93076882e-02
    6.87597170e-02 7.77907521e-02 8.71585459e-02 8.87461454e-02
    9.45604146e-02 8.30909461e-02 8.06095600e-02 1.33786708e-01
    1.57360673e-01 2.42902905e-01 1.47015527e-01 1.03924423e-01
    7.66547844e-02 8.63374025e-02 8.57469440e-02 8.07183981e-02
    7.47353658e-02 1.36618868e-01 1.75741300e-01 1.51578292e-01
    1.09534539e-01 1.38356447e-01 1.02344975e-01 1.29010916e-01
    2.12860301e-01 1.45365775e-01 5.09020574e-02 6.54794052e-02
    6.19388558e-02 1.27346143e-01 1.47248924e-01</data></Per_View_Reprojection_Errors>
<!-- a set of 6-tuples (rotation vector + translation vector) for each view -->
<Extrinsic_Parameters type_id="opencv-matrix">
  <rows>39</rows>
  <cols>6</cols>
  <dt>d</dt>
  <data>
    1.9235439611941171e-02 5.9067332845540194e-02 3.1166984219887000e+00
    -1.2824451072505980e+00 -9.0833254864876312e-01
    2.4696141691204101e+00 -1.3087180762538314e-02
    -5.2783229294633839e-02 -3.0605120086581357e+00
    -6.2991081655263859e-01 -6.8595828181616803e-01
    2.4505627839065500e+00 -5.0157634987267946e-03
    -5.7165648341911644e-02 -3.0718783942715975e+00
    -2.1487542221102657e-01 -6.4308239654936117e-01
    2.4393003301694356e+00 -3.7894695688196599e-03
    -5.4822790516234066e-02 -3.0710994186162281e+00
    -2.1696117409897503e-01 -6.4387844512622383e-01
    2.4390162370344464e+00 -6.0631695261381393e-03
    -5.5312337942114743e-02 -2.9426749854370282e+00
    1.1140332608225872e-01 -4.8585497661758620e-01
    2.4340820698199588e+00 -1.4415980272147562e-03
    -5.2481723514490750e-02 -3.0531320651903937e+00
    5.3646867682342170e-01 -5.7893392037374491e-01
    2.4442179980643877e+00 -1.0916881567243034e-03
    -4.9605487610894151e-02 -3.0268898770821511e+00
    8.9123126386107521e-01 -5.0660168513237280e-01
    2.4427758659083145e+00 1.0370683709932448e-02
    -3.9875672051430298e-02 -3.0122489136930168e+00
    1.4736614514286446e+00 -4.5876227495696881e-01
    2.4634913703888404e+00 1.2972679174801664e-02
    -3.4954076428015929e-02 -2.8555566637943683e+00
    1.8279127304666754e+00 -2.9341889168627211e-01
    2.4729842431784257e+00 2.8397888223054973e-02
    -5.6991291234646010e-02 -3.1291499848872277e+00
    2.0154566600537178e+00 -9.2040798663757950e-01
    2.4864038902938561e+00 -2.3819143890976290e-02
    3.2625423246591977e-02 3.1368619923012968e+00 2.0209097311678255e+00
    -1.8268533733144043e-01 2.4766871953971630e+00
    -3.2298674522395550e-02 1.8137023483837292e-02
    3.1303110197774187e+00 2.0274706056842993e+00 2.5951607557100820e-01
    2.4746768145959930e+00 -2.4118237799843650e-02
    -1.0902884111964218e-03 3.0958648334126329e+00
    2.0469396389346017e+00 7.6170515155049490e-01 2.4793732838045712e+00
    -2.5750434804820744e-02 -1.7913654039220784e-02
    3.0714198717057806e+00 2.0274304365727045e+00 1.3971019823918238e+00
    2.4778584206337344e+00 -2.6631088488771992e-02
    -2.2112539158823403e-02 3.1334785758231263e+00
    2.0429456776475194e+00 1.6027290600512900e+00 2.4811763931696111e+00
    -1.8177067931914336e-02 -2.3767883494882593e-02
    3.1203209456372942e+00 1.5200831617835835e+00 1.4766377043344050e+00
    2.4659498201230470e+00 9.1668654536383835e-03 3.5170044692845404e-02
    -3.1236771798314327e+00 5.2119769029585983e-01
    1.4689957028814096e+00 2.4485954231663429e+00 1.7920253276553205e-03
    2.9528232146550756e-02 -3.1069297856856406e+00
    4.8559092790574021e-02 1.4466553484517624e+00 2.4456361451744710e+00
    -6.3134636344488043e-03 2.0627258841875645e-02
    -3.0934280762104591e+00 -6.5176918998402200e-01
    1.4488638398514704e+00 2.4519609501007333e+00 1.3363705058837305e-02
    -1.7421801132890175e-02 3.1334523715482376e+00
    -1.0987009605685960e+00 1.4730951857089352e+00
    2.4580513476626291e+00 -1.7630682672578713e-02
    9.7351568928237160e-03 -3.0513243309832729e+00
    -1.4532535405773197e+00 1.2661759348697137e+00
    2.4603514162744906e+00 -1.6499725849509681e-02
    5.8542013886003167e-03 -3.0919520260025819e+00
    -1.4071732124722987e+00 9.8977856000277586e-01
    2.4613539185970197e+00 -1.3747789791903147e-02
    -1.4747603176995328e-02 -3.1055331634074643e+00
    -1.1338793839529462e+00 3.9513659503131682e-01
    2.4543411209277233e+00 1.0586619459836143e-02 3.0672023046876776e-02
    3.0931781694885863e+00 -1.1311064938293585e+00
    -1.0881279330200593e-01 2.4594997297368706e+00
    1.1274452886796340e-02 4.0057945349626950e-02 3.1364935114373207e+00
    -8.0408900680515316e-01 -3.5548533639563801e-01
    2.4522519613461369e+00 -2.6757577937210196e-02
    4.1751147263192276e-02 2.7479292053974489e+00 1.0025698415077977e-01
    -1.6821050119848738e-01 2.4446267054349091e+00
    2.5127979396738023e-02 2.6456945810139049e-02
    -2.8512886281724734e+00 -2.6889880551105150e-01
    7.5943474903146613e-01 2.4489502325395462e+00 1.3776554879405531e-02
    3.0122593577841271e-02 -2.9125216251655019e+00
    -1.7804542161450249e-01 1.0856595265609565e+00
    2.4479998520110362e+00 5.6778488088400879e-03 3.1002769465290778e-02
    -2.8285171032800367e+00 4.0961888728187701e-01
    1.0478900664189696e+00 2.4451873644240507e+00
    -1.2113780153650819e-02 -7.3387507007883026e-04
    -2.8606762791246014e+00 4.6468990345088013e-01
    4.6049702303021522e-01 2.4416732699207819e+00
    -1.1543861151366935e-02 -5.3742072608206834e-02
    -2.8149135506195111e+00 3.3299884213328301e-01
    -2.0212352417847687e-01 2.4299417794938334e+00
    -4.2593545256643540e-03 3.9710808045032672e-02
    3.0886163408402978e+00 1.0711521771987864e+00
    -2.9446334369415189e-01 2.4526197566958441e+00
    -9.5072302010486484e-03 5.2924149762336925e-03
    3.1240375318292815e+00 1.1521324671691093e+00 4.6936913198237484e-01
    2.4493806052375633e+00 -7.8944641053060871e-03
    -2.1065148795020961e-02 3.0006882955630481e+00
    1.2704943957085026e+00 1.2340845637030142e+00 2.4586565380413865e+00
    -8.0586784398755541e-03 -1.2756881105751832e-02
    2.8133866330106243e+00 1.5954214393883022e+00 7.9906556939176021e-01
    2.4643503187586351e+00 1.5382371638746169e-02
    -8.4685508304661247e-03 -2.7364875682043404e+00
    1.5309064173267841e+00 5.1305240466396129e-01 2.4643668822058973e+00
    2.8488045899070255e-03 -2.8485016761612959e-02
    -2.6918644115709678e+00 1.4540052951777296e+00
    5.8125068266711197e-02 2.4634185787409097e+00
    -2.6340914056485486e-02 4.5438415203169033e-02
    2.5225555411645519e+00 3.3437027494465910e-01
    -2.1552729752480268e-01 2.4404395033940687e+00
    -4.6679491306687561e-04 2.9644809559958421e-02
    -2.5196230589695796e+00 4.2035440865174561e-01
