<?xml version="1.0"?>
<opencv_storage>
<calibration_Time>"mer. 26 juil. 2017 15:25:41 CEST"</calibration_Time>
<nrOfFrames>4</nrOfFrames>
<image_Width>1280</image_Width>
<image_Height>720</image_Height>
<board_Width>6</board_Width>
<board_Height>7</board_Height>
<square_Size>108.</square_Size>
<FixAspectRatio>1.</FixAspectRatio>
<!-- flags:  +fix_aspectRatio -->
<flagValue>2</flagValue>
<camera_matrix type_id="opencv-matrix">
  <rows>3</rows>
  <cols>3</cols>
  <dt>d</dt>
  <data>
    2.1599722468043174e+03 0. 6.8871940813627486e+02 0.
    2.1599722468043174e+03 2.4510792222932565e+02 0. 0. 1.</data></camera_matrix>
<distortion_vector type_id="opencv-matrix">
  <rows>5</rows>
  <cols>1</cols>
  <dt>d</dt>
  <data>
    -1.2812267424249485e-01 -1.0989982165774554e+00
    2.3220921371528966e-02 -2.7191048624117233e-02
    -2.5501275752772070e+01</data></distortion_vector>
<Avg_Reprojection_Error>2.9643938750474793e-323</Avg_Reprojection_Error>
<Per_View_Reprojection_Errors type_id="opencv-matrix">
  <rows>4</rows>
  <cols>1</cols>
  <dt>f</dt>
  <data>
    1.46571767e+00 9.72549856e-01 6.92770064e-01 2.27837110e+00</data></Per_View_Reprojection_Errors>
<!-- a set of 6-tuples (rotation vector + translation vector) for each view -->
<Extrinsic_Parameters type_id="opencv-matrix">
  <rows>4</rows>
  <cols>6</cols>
  <dt>d</dt>
  <data>
    -6.5132070330160913e-02 9.6834020789879599e-02
    -1.0973664983164921e+00 -1.0989552804937548e+03
    4.2184251224674327e+01 4.9618745195909896e+03 1.8523601870680817e-01
    -5.4032066893483843e-01 -1.4710417795229471e+00
    -1.1020773346515844e+03 8.4000085050532869e+02
    4.5558842765605532e+03 -2.7481453962807978e-01
    3.4831855014735630e-01 3.0151195249176060e-01 6.4789741322879638e+02
    -9.1116744360498700e+01 5.0178830296576243e+03
    -9.1553454003449442e-02 -3.3938735484450658e-02
    -1.1001101386747368e-01 -2.7631308397560964e+01
    -2.0794547139576142e+02 4.9606766131001459e+03</data></Extrinsic_Parameters>
<Image_points type_id="opencv-matrix">
  <rows>4</rows>
  <cols>42</cols>
  <dt>"2f"</dt>
  <data>
    2.05450089e+02 2.67698792e+02 2.26686249e+02 2.23951874e+02
    2.48530533e+02 1.80792694e+02 2.70612671e+02 1.38039886e+02
    2.93146057e+02 9.60168228e+01 3.16012360e+02 5.45491447e+01
    2.46408218e+02 2.88974091e+02 2.67730042e+02 2.45342087e+02
    2.89381958e+02 2.01901062e+02 3.11516052e+02 1.59244171e+02
    3.33798004e+02 1.16871796e+02 3.56357208e+02 7.55297623e+01
    2.88052307e+02 3.10222260e+02 3.09291351e+02 2.66535431e+02
    3.30766510e+02 2.23334274e+02 3.52602722e+02 1.80405396e+02
    3.74645050e+02 1.38165802e+02 3.96935242e+02 9.65488968e+01
    3.30014893e+02 3.31508087e+02 3.50937042e+02 2.87980743e+02
    3.72462524e+02 2.44659912e+02 3.94098114e+02 2.01879379e+02
    4.16000488e+02 1.59596695e+02 4.37929291e+02 1.17945862e+02
    3.72204468e+02 3.52735199e+02 3.93088013e+02 3.09389648e+02
    4.14218414e+02 2.66205994e+02 4.35702179e+02 2.23349136e+02
    4.57189819e+02 1.81278076e+02 4.78855194e+02 1.39556061e+02
    4.14534332e+02 3.73768066e+02 4.35054474e+02 3.30612335e+02
    4.56116699e+02 2.87577515e+02 4.77292023e+02 2.44993439e+02
    4.98479889e+02 2.02693161e+02 5.19828308e+02 1.61269806e+02
    4.56496674e+02 3.94720459e+02 4.77059631e+02 3.51507843e+02
    4.97744537e+02 3.08817505e+02 5.18592102e+02 2.66359680e+02
    5.39600586e+02 2.24370148e+02 5.60514648e+02 1.82964630e+02
    1.71270035e+02 6.41162170e+02 1.71509979e+02 5.92047974e+02
    1.72480286e+02 5.42474243e+02 1.74305878e+02 4.92441742e+02
    1.76605301e+02 4.42250305e+02 1.79858932e+02 3.91735718e+02
    2.18100266e+02 6.44162109e+02 2.18593796e+02 5.95350403e+02
    2.19785278e+02 5.45867188e+02 2.21545746e+02 4.96172180e+02
    2.23919006e+02 4.45947357e+02 2.27029678e+02 3.95998596e+02
    2.65304535e+02 6.46859680e+02 2.65827881e+02 5.98176147e+02
    2.67064606e+02 5.49315002e+02 2.68942657e+02 4.99596741e+02
    2.71411774e+02 4.49855743e+02 2.74369629e+02 4.00088470e+02
    3.12377197e+02 6.49263977e+02 3.13086700e+02 6.01162659e+02
    3.14494354e+02 5.52015808e+02 3.16351044e+02 5.03047180e+02
    3.18687347e+02 4.53526672e+02 3.21663300e+02 4.04050629e+02
    3.59250854e+02 6.51163879e+02 3.60218353e+02 6.03324280e+02
    3.61560577e+02 5.54848328e+02 3.63505035e+02 5.06013397e+02
    3.65839294e+02 4.57130554e+02 3.68670929e+02 4.07836060e+02
    4.05698242e+02 6.52595520e+02 4.06702759e+02 6.05317871e+02
    4.08462372e+02 5.57302063e+02 4.10321625e+02 5.08888794e+02
    4.12559814e+02 4.60249664e+02 4.15456024e+02 4.11646271e+02
    4.51545563e+02 6.53824280e+02 4.52890900e+02 6.06791626e+02
    4.54347961e+02 5.59459412e+02 4.56513824e+02 5.11586670e+02
    4.58725922e+02 4.63532806e+02 4.61391144e+02 4.15332275e+02
    9.63463318e+02 2.08401062e+02 1.00599115e+03 2.19023499e+02
    1.04872559e+03 2.30249054e+02 1.09188489e+03 2.41312622e+02
    1.13518433e+03 2.52858841e+02 1.17820349e+03 2.64510559e+02
    9.50276917e+02 2.49708786e+02 9.93233826e+02 2.61031097e+02
    1.03635156e+03 2.72375244e+02 1.07960071e+03 2.84187958e+02
    1.12346509e+03 2.95898132e+02 1.16704761e+03 3.08014404e+02
    9.36695312e+02 2.92089386e+02 9.79830566e+02 3.03618805e+02
    1.02338171e+03 3.15585022e+02 1.06730847e+03 3.27592407e+02
    1.11106360e+03 3.39942902e+02 1.15491699e+03 3.52277588e+02
    9.22561890e+02 3.35134888e+02 9.65917908e+02 3.47374023e+02
    1.00960870e+03 3.59644653e+02 1.05362402e+03 3.72190216e+02
    1.09794763e+03 3.84600494e+02 1.14212964e+03 3.97395538e+02
    9.08125305e+02 3.78842896e+02 9.51501709e+02 3.91461304e+02
    9.95496277e+02 4.04434998e+02 1.03971411e+03 4.17104462e+02
    1.08399927e+03 4.30164459e+02 1.12856250e+03 4.43115723e+02
    8.93135864e+02 4.23135681e+02 9.36603333e+02 4.36273468e+02
    9.80639832e+02 4.49476379e+02 1.02496204e+03 4.62823120e+02
    1.06962561e+03 4.76173492e+02 1.11429980e+03 4.89588287e+02
    8.77750610e+02 4.67699249e+02 9.21414001e+02 4.81260529e+02
    9.65452332e+02 4.95079224e+02 1.00985303e+03 5.08666229e+02
    1.05451709e+03 5.22435791e+02 1.09930945e+03 5.36078003e+02
    6.76435608e+02 1.55998627e+02 7.22852905e+02 1.50684692e+02
    7.69348755e+02 1.45579239e+02 8.15491943e+02 1.40623947e+02
    8.61632568e+02 1.36118973e+02 9.07107788e+02 1.31731827e+02
    6.81365479e+02 2.01591553e+02 7.28107910e+02 1.96275589e+02
    7.74867004e+02 1.91161774e+02 8.21492432e+02 1.86247757e+02
    8.67568481e+02 1.81472565e+02 9.13562256e+02 1.76809860e+02
    6.86408936e+02 2.47664185e+02 7.33387085e+02 2.42450317e+02
    7.80303955e+02 2.37280212e+02 8.27005615e+02 2.32267960e+02
    8.73620056e+02 2.27340698e+02 9.19472046e+02 2.22533905e+02
    6.91593811e+02 2.94446533e+02 7.38596924e+02 2.89104889e+02
    7.85791077e+02 2.84052338e+02 8.32645081e+02 2.78953369e+02
    8.79251160e+02 2.73947510e+02 918. 263. 6.96717346e+02
    3.41553680e+02 7.43905701e+02 3.36371887e+02 7.91305176e+02
    3.31094971e+02 8.38234741e+02 3.26030243e+02 8.84902649e+02
    3.20797394e+02 924. 323. 7.02281555e+02 3.88388153e+02 756.
    3.84500000e+02 7.96456787e+02 3.78431458e+02 8.43559326e+02
    3.73231079e+02 8.90242310e+02 3.68053436e+02 9.36458435e+02
    3.62838440e+02 7.07216614e+02 4.36221069e+02 7.54449951e+02
    4.30962616e+02 8.01595459e+02 4.25740662e+02 8.48739441e+02
    4.20399536e+02 8.95437195e+02 4.15227661e+02 9.41485474e+02
    4.10073639e+02</data></Image_points>
</opencv_storage>
