<?xml version="1.0"?>
<opencv_storage>
<calibration_Time>"jeu. 13 juil. 2017 12:10:07 CEST"</calibration_Time>
<nrOfFrames>9</nrOfFrames>
<image_Width>640</image_Width>
<image_Height>360</image_Height>
<board_Width>7</board_Width>
<board_Height>6</board_Height>
<square_Size>108.</square_Size>
<FixAspectRatio>1.</FixAspectRatio>
<!-- flags:  +fix_aspectRatio -->
<flagValue>2</flagValue>
<camera_matrix type_id="opencv-matrix">
  <rows>3</rows>
  <cols>3</cols>
  <dt>d</dt>
  <data>
    5.0297862721009915e+02 0. 3.2321929707668829e+02 0.
    5.0297862721009915e+02 1.7833699536595617e+02 0. 0. 1.</data></camera_matrix>
<distortion_vector type_id="opencv-matrix">
  <rows>5</rows>
  <cols>1</cols>
  <dt>d</dt>
  <data>
    -4.2961780789734949e-01 5.8869873494871494e-01
    9.6323071256612821e-04 -1.2272222529781026e-02
    -1.0448708275746323e+00</data></distortion_vector>
<Avg_Reprojection_Error>1.1363509854348671e-322</Avg_Reprojection_Error>
<Per_View_Reprojection_Errors type_id="opencv-matrix">
  <rows>9</rows>
  <cols>1</cols>
  <dt>f</dt>
  <data>
    2.85172045e-01 3.24247569e-01 1.85999349e-01 1.91162586e-01
    1.31634727e-01 2.16523096e-01 2.06283748e-01 1.84232682e-01
    2.81109035e-01</data></Per_View_Reprojection_Errors>
<!-- a set of 6-tuples (rotation vector + translation vector) for each view -->
<Extrinsic_Parameters type_id="opencv-matrix">
  <rows>9</rows>
  <cols>6</cols>
  <dt>d</dt>
  <data>
    -8.5384819194409850e-02 -1.0290881853387195e+00
    2.8951777602670834e+00 5.3145009422929195e+02
    -7.8823211841412910e+02 3.9810442689947072e+03
    -4.9499207984019511e-01 -6.3054782213387284e-01
    1.8320481570152367e+00 3.7312384482317967e+01
    -1.0617840436982651e+03 4.0195761127618994e+03
    -9.9300050417340593e-03 9.1297329788083345e-02
    1.8873668155723800e+00 3.9601344729598895e+02
    -9.7152265503700244e+02 4.2354278398253127e+03
    -1.9267090172110082e-01 4.3328351404878807e-01
    8.8946943480493845e-01 1.4187746885609401e+03 3.8942715981254418e+02
    4.1823025736883528e+03 1.9032086485990621e-01 4.5291280071112455e-01
    -5.7253052927304393e-01 9.9988732624249837e+02
    -8.9365274709596065e+02 4.1189363614713247e+03
    3.1143017553981901e-03 -6.5054537555908939e-02
    -8.2341420528594778e-01 3.9651844254505892e+02
    -3.8451355689692281e+02 4.2137683324782865e+03
    6.0495497558999578e-01 2.1831229465746305e-01
    -2.2841122579095128e+00 -5.5903356602602344e+01
    -2.9175326558053462e+02 3.9960069155364336e+03
    -1.3652280271527241e-03 -1.6637465118093199e-02
    -2.6635551022060144e+00 -4.0082587046329490e+02
    -3.6666116846186253e+02 4.1709240321774596e+03
    1.0934472071490925e-02 -5.0359434029286809e-01
    -2.5314474051522105e+00 -3.0764075001131260e+02
    -4.8037680101701619e+02 3.9636942767054043e+03</data></Extrinsic_Parameters>
<Image_points type_id="opencv-matrix">
  <rows>9</rows>
  <cols>42</cols>
  <dt>"2f"</dt>
  <data>
    3.87711609e+02 8.15119705e+01 3.74922760e+02 8.21022949e+01
    3.61984985e+02 8.26488800e+01 3.48802734e+02 8.34909897e+01
    3.35795105e+02 8.44842682e+01 3.22417053e+02 8.51883850e+01
    3.09321899e+02 8.64958115e+01 3.88027618e+02 6.99909058e+01
    3.75108734e+02 7.04216919e+01 3.61888428e+02 7.10452423e+01
    3.48639618e+02 7.16422272e+01 3.35211609e+02 7.26781845e+01
    3.21823608e+02 7.35094070e+01 3.08339630e+02 7.47333221e+01
    3.88406647e+02 5.80012512e+01 3.75210419e+02 5.83750076e+01
    3.61874908e+02 5.90379639e+01 3.48202789e+02 5.98146553e+01
    3.34658478e+02 6.04903069e+01 3.20857422e+02 6.14508209e+01
    3.06938568e+02 6.25183372e+01 3.88792175e+02 4.56998863e+01
    3.75292694e+02 4.61543694e+01 3.61665039e+02 4.66271248e+01
    3.47877747e+02 4.74171219e+01 3.33890198e+02 4.81657677e+01
    3.19876190e+02 4.92373314e+01 3.06232269e+02 5.00742378e+01
    3.89084961e+02 3.32054672e+01 3.75321289e+02 3.35080147e+01
    3.61455505e+02 3.41367874e+01 3.47365845e+02 3.47205048e+01
    3.33240356e+02 3.54265289e+01 3.19214661e+02 3.63376503e+01
    3.04830597e+02 3.75203972e+01 3.89307770e+02 2.04543991e+01
    3.75393402e+02 2.06115646e+01 3.61280884e+02 2.11184196e+01
    3.46937714e+02 2.16255589e+01 3.32570740e+02 2.24550190e+01
    3.18045746e+02 2.34661236e+01 3.03665192e+02 2.46858063e+01
    3.26973358e+02 4.98020363e+01 3.22685364e+02 6.11835289e+01
    3.18574951e+02 7.27676392e+01 3.14390259e+02 8.47080078e+01
    3.10188110e+02 9.67607574e+01 3.05637665e+02 1.09125496e+02
    3.01523438e+02 1.21572067e+02 3.17496826e+02 4.39964828e+01
    3.13272644e+02 5.56469917e+01 3.08787109e+02 6.74082031e+01
    3.04494629e+02 7.95151825e+01 3.00095062e+02 9.19563522e+01
    2.95587799e+02 1.04405472e+02 2.91060181e+02 1.17243233e+02
    3.07819183e+02 3.82811661e+01 3.03378906e+02 4.98823776e+01
    2.98767792e+02 6.19189606e+01 2.94212708e+02 7.42088242e+01
    2.89576630e+02 8.67589645e+01 2.84948547e+02 9.95997086e+01
    2.80370667e+02 1.12640839e+02 2.97723053e+02 3.22365456e+01
    2.93140717e+02 4.40358200e+01 2.88385254e+02 5.62423859e+01
    2.83599152e+02 6.87005081e+01 2.78762939e+02 8.14933624e+01
    2.73987701e+02 9.46059647e+01 2.69311432e+02 1.07833946e+02
    2.87420532e+02 2.61079254e+01 2.82486786e+02 3.80168686e+01
    2.77565521e+02 5.04535103e+01 2.72599213e+02 6.31514473e+01
    2.67615845e+02 7.61880875e+01 2.62621643e+02 8.94363098e+01
    2.57718079e+02 1.02925690e+02 2.76607727e+02 1.97250919e+01
    2.71561798e+02 3.19763126e+01 2.66434143e+02 4.44654922e+01
    2.61311432e+02 5.74458008e+01 2.56191864e+02 7.06363297e+01
    2.50892670e+02 8.41958618e+01 2.45837662e+02 9.80134811e+01
    3.68511810e+02 6.63499756e+01 3.64752594e+02 7.68572540e+01
    3.61022308e+02 8.89593964e+01 3.57592133e+02 1.00144012e+02
    3.53733917e+02 1.12085838e+02 3.50187531e+02 1.23942604e+02
    3.46334839e+02 1.35942825e+02 3.56561218e+02 6.23510323e+01
    3.53121918e+02 7.35566254e+01 3.49397766e+02 8.45833588e+01
    3.45444305e+02 9.64001083e+01 3.41992920e+02 1.08023529e+02
    3.37893738e+02 1.19896385e+02 3.34059723e+02 1.32116364e+02
    3.44852600e+02 5.86861954e+01 3.41254486e+02 6.96756973e+01
    3.37409637e+02 8.09225082e+01 3.33498199e+02 9.23953857e+01
    3.29582977e+02 1.04207413e+02 3.25601746e+02 1.16022766e+02
    3.21695068e+02 1.28032150e+02 3.33092133e+02 5.51735115e+01
    3.29357300e+02 6.59664154e+01 3.25413727e+02 7.72530670e+01
    3.21466034e+02 8.86943359e+01 3.17521362e+02 1.00344368e+02
    3.13531158e+02 1.12160393e+02 3.09471130e+02 1.24241341e+02
    3.21328125e+02 5.14914703e+01 3.17431610e+02 6.24191742e+01
    3.13603943e+02 7.34887009e+01 3.09544922e+02 8.50102386e+01
    3.05505341e+02 9.65654449e+01 3.01447266e+02 1.08397385e+02
    2.97432617e+02 1.20339592e+02 3.09542542e+02 4.81217651e+01
    3.05597351e+02 5.87893562e+01 3.01620392e+02 7.00676346e+01
    2.97555420e+02 8.13524399e+01 2.93562500e+02 9.29619293e+01
    2.89530060e+02 1.04606720e+02 2.85391663e+02 1.16586502e+02
    4.83819092e+02 2.22414810e+02 4.91344391e+02 2.31702774e+02
    4.98609100e+02 2.40865906e+02 5.06482483e+02 2.49726059e+02
    5.13577515e+02 2.58865112e+02 5.20884583e+02 2.67841766e+02
    5.27954041e+02 2.76837036e+02 4.74438660e+02 2.30560516e+02
    4.82421356e+02 2.39831314e+02 4.89971161e+02 2.48576660e+02
    4.97339661e+02 2.58091583e+02 5.04828430e+02 2.66975983e+02
    5.12051941e+02 2.76192291e+02 5.19260864e+02 2.85207092e+02
    4.65829041e+02 2.38370453e+02 4.73141602e+02 2.47403000e+02
    4.80717010e+02 2.56930328e+02 4.88357666e+02 2.65830627e+02
    4.95610901e+02 2.75225769e+02 5.02942444e+02 2.84342621e+02
    5.10143524e+02 2.93505035e+02 4.56312653e+02 2.46016556e+02
    4.64039154e+02 2.55551071e+02 4.71466125e+02 2.64605682e+02
    4.78888031e+02 2.74066498e+02 4.86421631e+02 2.83334259e+02
    4.93630524e+02 2.92630524e+02 5.00817627e+02 3.01822327e+02
    4.47297333e+02 2.53954773e+02 4.54470367e+02 2.63320007e+02
    4.61981415e+02 2.72728241e+02 4.69438354e+02 2.82060791e+02
