<?xml version="1.0"?>
<opencv_storage>
<calibration_Time>"Fri 07 Jul 2017 15:00:20 CEST"</calibration_Time>
<nrOfFrames>6</nrOfFrames>
<image_Width>1280</image_Width>
<image_Height>720</image_Height>
<board_Width>7</board_Width>
<board_Height>6</board_Height>
<square_Size>108.</square_Size>
<FixAspectRatio>1.</FixAspectRatio>
<!-- flags:  +fix_aspectRatio +fix_principal_point +zero_tangent_dist -->
<flagValue>14</flagValue>
<camera_matrix type_id="opencv-matrix">
  <rows>3</rows>
  <cols>3</cols>
  <dt>d</dt>
  <data>
    3.7360319889165371e+03 0. 640. 0. 3.7360319889165371e+03 360. 0. 0.
    1.</data></camera_matrix>
<distortion_vector type_id="opencv-matrix">
  <rows>5</rows>
  <cols>1</cols>
  <dt>d</dt>
  <data>
    2.5637900674402769e-01 1.5915744782873304e+02 0. 0.
    -5.8961151006388773e+03</data></distortion_vector>
<Avg_Reprojection_Error>0.</Avg_Reprojection_Error>
<Per_View_Reprojection_Errors type_id="opencv-matrix">
  <rows>6</rows>
  <cols>1</cols>
  <dt>f</dt>
  <data>
    1.29386172e-01 1.12155989e-01 2.02400160e+00 1.43964142e-01
    1.15184598e-01 2.34665588e-01</data></Per_View_Reprojection_Errors>
<!-- a set of 6-tuples (rotation vector + translation vector) for each view -->
<Extrinsic_Parameters type_id="opencv-matrix">
  <rows>6</rows>
  <cols>6</cols>
  <dt>d</dt>
  <data>
    1.0774353022384678e-02 1.1664589659038278e-01 3.0807570902195285e+00
    3.6424312411739703e+02 -3.4032281045621613e+02
    1.1076963904026898e+04 -2.3148911519559417e-03
    -1.4899212262142664e-01 -3.1193102393868939e+00
    3.3506035755875240e+02 2.3493091783383380e+02 1.1031671451772116e+04
    -1.1115737694004940e-01 -3.4815661135376166e-02
    -3.1277377027069706e+00 -5.4599119488788131e+02
    6.0264178290795553e+02 1.1004958758318358e+04 2.7057025942213243e-02
    1.6047794715021457e-01 3.0975498151705110e+00 8.7098527013887769e+02
    -1.4920301958998911e+02 1.1014709875311866e+04
    4.8014804693432807e-03 1.5569499439496659e-01 3.0476519343286697e+00
    4.8008064750123123e+02 2.9000041730805464e+02 1.1018545304614699e+04
    -2.6644990819649047e-02 -1.6935462014622812e-01
    -3.0875580526460253e+00 1.0855987192655455e+03
    3.3666199021967094e+02 1.0973958481629028e+04</data></Extrinsic_Parameters>
<Image_points type_id="opencv-matrix">
  <rows>6</rows>
  <cols>42</cols>
  <dt>"2f"</dt>
  <data>
    7.63008545e+02 2.44975143e+02 7.26547546e+02 2.47258591e+02
    6.90173889e+02 2.49412735e+02 6.53690613e+02 2.51656296e+02
    6.17349426e+02 2.53642395e+02 5.81056641e+02 2.55816223e+02
    5.44581360e+02 2.57836243e+02 7.60929993e+02 2.08809296e+02
    7.24434692e+02 2.10977402e+02 6.88025879e+02 2.13363678e+02
    6.51716431e+02 2.15438400e+02 6.15342957e+02 2.17530380e+02
    5.78898682e+02 2.19709717e+02 5.42559998e+02 2.21650818e+02
    7.58724304e+02 1.72390503e+02 7.22296631e+02 1.74791000e+02
    6.85854065e+02 1.77181076e+02 6.49470581e+02 1.79219177e+02
    6.13116150e+02 1.81355911e+02 5.76671204e+02 1.83448135e+02
    5.40501099e+02 1.85561539e+02 7.56751709e+02 1.35995407e+02
    7.20259644e+02 1.38487289e+02 6.83713623e+02 1.40777542e+02
    6.47442383e+02 1.42971130e+02 6.11050232e+02 1.45165314e+02
    5.74625977e+02 1.47214355e+02 5.38247986e+02 1.49182648e+02
    7.54554688e+02 9.93813400e+01 7.18077881e+02 1.01966560e+02
    6.81588989e+02 1.04212334e+02 6.45275269e+02 1.06538826e+02
    6.08969727e+02 1.08658470e+02 5.72503662e+02 1.10574646e+02
    5.36116272e+02 1.12863091e+02 7.52764160e+02 6.27558022e+01
    7.16145691e+02 6.49134598e+01 6.79617249e+02 6.74503555e+01
    6.43157288e+02 6.96342087e+01 6.06599426e+02 7.17799454e+01
    5.70256592e+02 7.40666733e+01 5.33751526e+02 7.56523819e+01
    7.53591125e+02 4.39587463e+02 7.17021545e+02 4.38854340e+02
    6.80400757e+02 4.38263275e+02 6.43788330e+02 4.37469025e+02
    6.07235962e+02 4.36835449e+02 5.70577515e+02 4.36029999e+02
    5.33903442e+02 4.35457092e+02 7.53989075e+02 4.03212830e+02
    7.17547668e+02 4.02431610e+02 6.81034729e+02 4.01819855e+02
    6.44546082e+02 4.01092438e+02 6.07984070e+02 4.00294983e+02
    5.71405396e+02 3.99669617e+02 5.34771118e+02 3.98982117e+02
    7.54593628e+02 3.66664825e+02 7.18015991e+02 3.66243195e+02
    6.81583862e+02 3.65431244e+02 6.45129395e+02 3.64658447e+02
    6.08636780e+02 3.63945251e+02 5.72162292e+02 3.63313995e+02
    5.35618408e+02 3.62710052e+02 7.55245361e+02 3.30527069e+02
    7.18688721e+02 3.29742157e+02 6.82163696e+02 3.29130127e+02
    6.45700867e+02 3.28470856e+02 6.09384033e+02 3.27637054e+02
    5.73008484e+02 3.27231018e+02 5.36478027e+02 3.26359192e+02
    7.55894348e+02 2.94154663e+02 7.19429688e+02 2.93509460e+02
    6.82852295e+02 2.92848358e+02 6.46450562e+02 2.92172272e+02
    6.10030457e+02 2.91612335e+02 5.73534973e+02 2.90906616e+02
    5.37242310e+02 2.90163727e+02 7.56630066e+02 2.57859100e+02
    7.20119812e+02 2.57112518e+02 6.83617737e+02 2.56585205e+02
    6.47240112e+02 2.56004761e+02 6.10651733e+02 2.55324936e+02
    5.74201172e+02 2.54581970e+02 5.37799805e+02 2.53761780e+02
    4.54532623e+02 5.65428589e+02 4.17117401e+02 5.65481506e+02
    3.79663788e+02 5.65365784e+02 3.42174500e+02 5.65326233e+02
    3.04379395e+02 5.65295837e+02 2.66648987e+02 5.65173096e+02
    2.29011078e+02 5.65021179e+02 4.55164581e+02 5.28271851e+02
    4.18307159e+02 5.27854858e+02 3.80844360e+02 5.28044373e+02
    3.43264954e+02 5.27741638e+02 3.05530518e+02 5.27784790e+02
    2.67697754e+02 5.27669739e+02 2.30200165e+02 5.27465088e+02
    4.56310577e+02 4.91313538e+02 4.18838867e+02 4.91269958e+02
    3.81866760e+02 4.90916718e+02 3.44067535e+02 4.90960358e+02
    3.06508087e+02 4.90645935e+02 2.68840729e+02 4.90516479e+02
    2.31247879e+02 4.90342712e+02 450. 463. 4.19826752e+02
    4.54066498e+02 3.82535828e+02 4.54128052e+02 3.45161987e+02
    4.53705017e+02 3.07481934e+02 4.53731598e+02 2.69774261e+02
    4.53470703e+02 2.32203079e+02 4.53171692e+02 453. 411.
    4.20490265e+02 4.17691376e+02 3.83364563e+02 4.17158478e+02
    3.45985718e+02 4.17057648e+02 3.08366913e+02 4.16710907e+02
    2.70588165e+02 4.16577271e+02 2.32969177e+02 4.16317444e+02
    4.58144012e+02 3.81390686e+02 4.21113495e+02 3.80935394e+02
    3.84046722e+02 3.80778198e+02 3.46528961e+02 3.80371857e+02
    3.09055908e+02 3.80125214e+02 2.71233673e+02 3.79559021e+02
    2.33726761e+02 3.79316132e+02 9.37504883e+02 3.09110687e+02
    9.00148560e+02 3.10545319e+02 8.62757324e+02 3.12245697e+02
    8.25788879e+02 3.13723053e+02 7.89005798e+02 3.15280487e+02
    7.52443787e+02 3.16789612e+02 7.15873291e+02 3.18191681e+02
    9.35927002e+02 2.72445862e+02 8.98311768e+02 2.74208344e+02
    8.61274780e+02 2.75785797e+02 8.24315613e+02 2.77458069e+02
    7.87472290e+02 2.78988831e+02 7.50700256e+02 2.80588043e+02
    7.14354797e+02 2.81903839e+02 9.34227173e+02 2.35699188e+02
    8.96993896e+02 2.37567749e+02 8.59710571e+02 2.39399719e+02
    8.22630066e+02 2.41186951e+02 7.85920349e+02 2.42660629e+02
    7.49367676e+02 2.44378540e+02 7.12875366e+02 2.45892548e+02
    9.32854919e+02 1.99324753e+02 8.95391846e+02 2.01142075e+02
    8.58259277e+02 2.02937485e+02 8.21391724e+02 2.04669281e+02
    7.84529053e+02 2.06482864e+02 7.47824036e+02 2.08005768e+02
    7.11365417e+02 2.09647018e+02 9.31364746e+02 1.62645782e+02
    8.94101807e+02 1.64415573e+02 8.56979797e+02 1.66468842e+02
    8.19777100e+02 1.68319427e+02 7.83186035e+02 1.70073639e+02
    7.46421265e+02 1.71688614e+02 7.10008179e+02 1.73395233e+02
    9.30130127e+02 1.25801453e+02 8.93088074e+02 1.27878716e+02
    8.55620972e+02 1.29613876e+02 8.18655884e+02 1.31564697e+02
    7.81784424e+02 1.33500153e+02 7.45243103e+02 1.35160309e+02
    7.08603699e+02 1.36707245e+02 8.03142456e+02 4.58505798e+02
    7.66360291e+02 4.61928864e+02 7.29897217e+02 4.65022186e+02
    6.93470703e+02 4.68321136e+02 6.56865356e+02 4.71455811e+02
    6.20434570e+02 4.74695251e+02 5.84040955e+02 4.78055176e+02
    7.99556274e+02 4.22314697e+02 7.63004822e+02 4.25215576e+02
