<?xml version="1.0"?>
<opencv_storage>
<calibration_Time>"mer. 12 juil. 2017 14:18:13 CEST"</calibration_Time>
<nrOfFrames>9</nrOfFrames>
<image_Width>640</image_Width>
<image_Height>360</image_Height>
<board_Width>7</board_Width>
<board_Height>6</board_Height>
<square_Size>108.</square_Size>
<FixAspectRatio>1.</FixAspectRatio>
<!-- flags:  +fix_aspectRatio -->
<flagValue>2</flagValue>
<camera_matrix type_id="opencv-matrix">
  <rows>3</rows>
  <cols>3</cols>
  <dt>d</dt>
  <data>
    2.2731880903026652e+02 0. 3.2558241630104283e+02 0.
    2.2731880903026652e+02 1.6688526443867090e+02 0. 0. 1.</data></camera_matrix>
<distortion_vector type_id="opencv-matrix">
  <rows>5</rows>
  <cols>1</cols>
  <dt>d</dt>
  <data>
    -1.3896976885082923e-01 2.9310184714086730e-02
    1.7446697234538826e-03 5.1051963105478641e-04
    -4.5141786432878854e-03</data></distortion_vector>
<Avg_Reprojection_Error>1.1363509854348671e-322</Avg_Reprojection_Error>
<Per_View_Reprojection_Errors type_id="opencv-matrix">
  <rows>9</rows>
  <cols>1</cols>
  <dt>f</dt>
  <data>
    1.92353681e-01 2.62817800e-01 1.67404011e-01 1.67404011e-01
    4.62884247e-01 2.08434418e-01 6.14618585e-02 2.04064950e-01
    1.45259306e-01</data></Per_View_Reprojection_Errors>
<!-- a set of 6-tuples (rotation vector + translation vector) for each view -->
<Extrinsic_Parameters type_id="opencv-matrix">
  <rows>9</rows>
  <cols>6</cols>
  <dt>d</dt>
  <data>
    2.0108029463629218e-02 -3.4034015375524994e-02
    -2.9641791006666218e+00 1.2940008927109477e+03
    -8.2348656759875962e+02 1.9193542595578185e+03
    -1.0781488819457324e-02 -2.4809298114728661e-02
    -3.1103598751279105e+00 -1.3681967089674142e+03
    -7.2983240352416738e+02 1.9073177868349917e+03
    1.6785357937736885e-02 1.6939205579417888e-02 2.9991773681488390e+00
    -1.4429586627680055e+03 2.4579518773100892e+02
    1.9009611858288490e+03 1.6785357937737083e-02 1.6939205579418023e-02
    2.9991773681488390e+00 -1.4429586627680053e+03
    2.4579518773100889e+02 1.9009611858288488e+03
    -4.8074654567339982e-03 9.5517016689602768e-04
    -3.0446511371949527e+00 -3.3006733872644446e+02
    8.1550776597446645e+02 1.8812516353514652e+03 1.3836982490909406e-02
    1.0511853951176717e-02 -2.8347491245752723e+00
    6.1387572531152557e+02 1.3302192823834100e+03 1.9030088393590240e+03
    3.4714931229561166e-02 -3.9844584805288265e-03
    -2.6866152809919877e+00 1.8643639908464522e+03
    1.3123090482746779e+03 1.9277196274225857e+03
    -1.0512020445691526e-02 4.3756325107996367e-02
    3.0170872841995617e+00 5.6450831759997961e+01
    -1.3224955165267258e+02 1.8906248540115475e+03
    1.3578849789330270e-02 1.2605902961000054e-02
    -3.0465459775818831e+00 8.0496209782697088e+02
    1.3033104535258396e+03 1.9054342849589193e+03</data></Extrinsic_Parameters>
<Image_points type_id="opencv-matrix">
  <rows>9</rows>
  <cols>42</cols>
  <dt>"2f"</dt>
  <data>
    4.66580261e+02 7.71304703e+01 4.56378448e+02 7.45645828e+01
    4.45487091e+02 7.17193832e+01 4.34442902e+02 6.86557159e+01
    4.23219635e+02 6.60145111e+01 4.11663849e+02 6.34694366e+01
    4.00012665e+02 6.09948540e+01 4.67637054e+02 6.66202011e+01
    4.57458588e+02 6.40090714e+01 4.46437500e+02 6.07703056e+01
    4.35407135e+02 5.80723114e+01 4.24287384e+02 5.55076523e+01
    4.12770203e+02 5.25098801e+01 4.01306274e+02 4.97310295e+01
    4.68314392e+02 5.60915718e+01 4.58018890e+02 5.34147148e+01
    4.47344482e+02 5.02634315e+01 4.36491119e+02 4.75865059e+01
    4.25555786e+02 4.49588852e+01 4.14030151e+02 4.18955078e+01
    4.02381073e+02 3.91177177e+01 4.69172119e+02 4.60494804e+01
    4.58585785e+02 4.30336609e+01 4.48296875e+02 4.02153664e+01
    4.37330170e+02 3.70408821e+01 4.26432159e+02 3.45709572e+01
    4.15502747e+02 3.19851494e+01 4.03973175e+02 2.90629158e+01
    4.69417328e+02 3.60506134e+01 4.59377533e+02 3.32162514e+01
    4.48771118e+02 2.99744129e+01 4.38335754e+02 2.73979206e+01
    4.27377777e+02 2.43525715e+01 4.16437012e+02 2.15688171e+01
    4.05369049e+02 1.91515064e+01 4.70245148e+02 2.65055885e+01
    4.59831635e+02 2.33141232e+01 4.49563629e+02 2.05411968e+01
    4.39344513e+02 1.76226120e+01 4.28411713e+02 1.46108046e+01
    4.17436646e+02 1.20959444e+01 4.06331421e+02 9.47648048e+00
    1.76088928e+02 8.72627869e+01 1.65964935e+02 8.75650101e+01
    1.56095398e+02 8.83259277e+01 1.46467972e+02 8.88337326e+01
    1.37231659e+02 8.94583282e+01 1.28275558e+02 9.01767807e+01
    1.19708496e+02 9.07052460e+01 1.77084213e+02 7.63199768e+01
    1.67155899e+02 7.65157852e+01 1.57144287e+02 7.74542847e+01
    1.47774567e+02 7.79467163e+01 1.38959396e+02 7.84545746e+01
    1.29652405e+02 7.95357666e+01 1.21065216e+02 8.02843170e+01
    1.78761642e+02 6.52806091e+01 1.68912262e+02 6.55145569e+01
    1.58756409e+02 6.65212860e+01 1.49012894e+02 6.74472809e+01
    1.40224731e+02 6.81193695e+01 1.31151352e+02 6.91811829e+01
    1.22642052e+02 6.97587128e+01 1.79735596e+02 5.43922882e+01
    1.70200073e+02 5.51540909e+01 1.59975204e+02 5.62892303e+01
    1.51052368e+02 5.67365685e+01 1.41934402e+02 5.75615044e+01
    1.33084961e+02 5.86331902e+01 1.24419266e+02 5.96161194e+01
    1.81646194e+02 4.36827278e+01 1.71951599e+02 4.43522911e+01
    1.62046143e+02 4.55240898e+01 1.52872391e+02 4.61763802e+01
    1.43368820e+02 4.74978905e+01 1.34708939e+02 4.84669800e+01
    1.26288559e+02 4.95510674e+01 1.82821930e+02 3.34513550e+01
    1.73222733e+02 3.43425941e+01 1.64012009e+02 3.48145409e+01
    1.54249283e+02 3.64547920e+01 1.44703354e+02 3.76287117e+01
    1.36369415e+02 3.85809135e+01 1.27677338e+02 4.00975151e+01
    1.65829544e+02 1.94531250e+02 1.55694031e+02 1.95970490e+02
    1.46022293e+02 1.97279297e+02 1.36812622e+02 1.98359161e+02
    1.27889343e+02 1.99666977e+02 1.19300117e+02 2.01090775e+02
    1.10771568e+02 2.02234711e+02 1.64300659e+02 1.82463470e+02
    1.54340546e+02 1.84073120e+02 1.44676300e+02 1.85409592e+02
    1.35491730e+02 1.86935776e+02 1.26473412e+02 1.88188583e+02
    1.17883110e+02 1.89707474e+02 1.09462326e+02 1.91134445e+02
    1.62844498e+02 1.70586990e+02 1.52893707e+02 1.72235352e+02
    1.43392654e+02 1.73816849e+02 1.34137421e+02 1.75534897e+02
    1.24938652e+02 1.77113388e+02 1.16552811e+02 1.78489426e+02
    1.08246895e+02 1.80140274e+02 1.61470963e+02 1.59034210e+02
    1.51764114e+02 1.60650833e+02 1.42339157e+02 1.62182907e+02
    1.32848404e+02 1.64377426e+02 1.24039574e+02 1.66000305e+02
    1.15465515e+02 1.67613647e+02 1.07286255e+02 1.69138702e+02
    1.60351898e+02 1.47310562e+02 1.50531281e+02 1.48891708e+02
    1.40864059e+02 1.50838669e+02 1.31501495e+02 1.53152130e+02
    1.22992508e+02 1.54639023e+02 1.14438492e+02 1.56306198e+02
    1.06196167e+02 1.58333923e+02 1.59345932e+02 1.35444168e+02
    1.49546768e+02 1.37561310e+02 1.39810211e+02 1.39637283e+02
    1.30881271e+02 1.41609100e+02 1.22149620e+02 1.43394257e+02
    1.13523109e+02 1.45607742e+02 1.05369713e+02 1.47282501e+02
    1.65829544e+02 1.94531250e+02 1.55694031e+02 1.95970490e+02
    1.46022293e+02 1.97279297e+02 1.36812622e+02 1.98359161e+02
    1.27889343e+02 1.99666977e+02 1.19300117e+02 2.01090775e+02
    1.10771568e+02 2.02234711e+02 1.64300659e+02 1.82463470e+02
    1.54340546e+02 1.84073120e+02 1.44676300e+02 1.85409592e+02
    1.35491730e+02 1.86935776e+02 1.26473412e+02 1.88188583e+02
    1.17883110e+02 1.89707474e+02 1.09462326e+02 1.91134445e+02
    1.62844498e+02 1.70586990e+02 1.52893707e+02 1.72235352e+02
    1.43392654e+02 1.73816849e+02 1.34137421e+02 1.75534897e+02
    1.24938652e+02 1.77113388e+02 1.16552811e+02 1.78489426e+02
    1.08246895e+02 1.80140274e+02 1.61470963e+02 1.59034210e+02
    1.51764114e+02 1.60650833e+02 1.42339157e+02 1.62182907e+02
    1.32848404e+02 1.64377426e+02 1.24039574e+02 1.66000305e+02
    1.15465515e+02 1.67613647e+02 1.07286255e+02 1.69138702e+02
    1.60351898e+02 1.47310562e+02 1.50531281e+02 1.48891708e+02
    1.40864059e+02 1.50838669e+02 1.31501495e+02 1.53152130e+02
