<?xml version="1.0"?>
<opencv_storage>
<calibration_Time>"mer. 12 juil. 2017 14:25:42 CEST"</calibration_Time>
<nrOfFrames>10</nrOfFrames>
<image_Width>640</image_Width>
<image_Height>360</image_Height>
<board_Width>7</board_Width>
<board_Height>6</board_Height>
<square_Size>108.</square_Size>
<FixAspectRatio>1.</FixAspectRatio>
<!-- flags:  +fix_aspectRatio -->
<flagValue>2</flagValue>
<camera_matrix type_id="opencv-matrix">
  <rows>3</rows>
  <cols>3</cols>
  <dt>d</dt>
  <data>
    9.6541208066465913e+02 0. 3.1789625775854910e+02 0.
    9.6541208066465913e+02 1.7498994744626080e+02 0. 0. 1.</data></camera_matrix>
<distortion_vector type_id="opencv-matrix">
  <rows>5</rows>
  <cols>1</cols>
  <dt>d</dt>
  <data>
    5.3543363026222468e-01 2.3192590806461860e-01
    -1.0780155111586585e-02 -1.0411561330033018e-02
    -4.8809960090204726e+01</data></distortion_vector>
<Avg_Reprojection_Error>1.1363509854348671e-322</Avg_Reprojection_Error>
<Per_View_Reprojection_Errors type_id="opencv-matrix">
  <rows>10</rows>
  <cols>1</cols>
  <dt>f</dt>
  <data>
    1.09085232e-01 1.05591260e-01 1.11111477e-01 1.07972749e-01
    1.26762718e-01 1.15337230e-01 9.10895690e-02 1.24351189e-01
    3.26046497e-01 1.02154322e-01</data></Per_View_Reprojection_Errors>
<!-- a set of 6-tuples (rotation vector + translation vector) for each view -->
<Extrinsic_Parameters type_id="opencv-matrix">
  <rows>10</rows>
  <cols>6</cols>
  <dt>d</dt>
  <data>
    -1.0063883237540584e-01 -3.6883099707686280e-02
    -7.5535498991064921e-03 -1.9483021238121941e+02
    -5.4531487710176890e+01 5.7443489673293570e+03
    -1.0073954235845610e-01 -2.9128933675232158e-02
    -2.2007499168314973e-01 -1.0666227193072325e+03
    2.8911397025685159e+02 5.6858521157437917e+03
    -9.1551923017869449e-02 -3.8797769075700331e-02
    -2.7296850989250232e-01 2.8783717235455732e+01
    5.1576937853015629e+01 5.7468331102708717e+03
    -1.1143246747005965e-01 -3.2036781728390737e-02
    -1.0348805879884292e-01 6.4231808067262943e+02
    -1.0015022867779021e+02 5.7911863536676756e+03
    -1.1504949907540535e-01 -3.8437036124411128e-02
    -8.1114815293923351e-02 5.8528269497838892e+02
    -6.9737215565374777e+02 5.8514219920398727e+03
    -1.0717875267113790e-01 -3.8370500251171502e-02
    -2.3977115033092350e-01 -2.6491785305405858e+02
    -7.0898788087708238e+02 5.8159544499198364e+03
    -1.1903965356313330e-01 -1.2758098969930695e-02
    -3.6029632820314701e-03 -8.8001691218909355e+02
    -7.0710640352680002e+02 5.8011616036044725e+03
    -1.2052625565078245e-01 1.2631886535184884e-03
    -1.7245892748036194e-02 -1.2765670892087774e+03
    -7.8104728026959526e+02 5.8093656671951694e+03
    -8.8310148667731167e-02 -1.6020684094854711e-02
    2.3405378689360119e-02 -2.1998151844927850e+01
    -1.9568695513836619e+02 5.7645151505631211e+03
    -9.8344004544036398e-02 -4.7161810120516720e-02
    -2.8768027602700857e-01 -8.1774577371592568e+02
    2.2570349555679385e+02 5.6966517333506754e+03</data></Extrinsic_Parameters>
<Image_points type_id="opencv-matrix">
  <rows>10</rows>
  <cols>42</cols>
  <dt>"2f"</dt>
  <data>
    2.85021454e+02 1.65819504e+02 3.03233795e+02 1.65714645e+02
    3.21520081e+02 1.65603912e+02 3.39532623e+02 1.65545639e+02
    3.57637177e+02 1.65465927e+02 3.75631165e+02 1.65465698e+02
    3.93712921e+02 1.65206360e+02 2.85166382e+02 1.83859222e+02
    3.03415955e+02 1.83733337e+02 3.21654144e+02 1.83645676e+02
    3.39726868e+02 1.83545029e+02 3.57922180e+02 1.83445572e+02
    3.75953064e+02 1.83293045e+02 3.94246063e+02 1.83286636e+02
    2.85237152e+02 2.02124268e+02 3.03515564e+02 2.01979752e+02
    3.21695435e+02 2.01761658e+02 3.39999542e+02 2.01627457e+02
    3.58056152e+02 2.01493668e+02 3.76304199e+02 2.01533203e+02
    3.94399261e+02 2.01189056e+02 2.85369507e+02 2.20369247e+02
    3.03587250e+02 2.20269562e+02 3.21911407e+02 2.19965240e+02
    3.40142181e+02 2.19741898e+02 3.58381744e+02 2.19622894e+02
    3.76426483e+02 2.19468735e+02 3.94399963e+02 2.19626068e+02
    2.85464783e+02 2.38589279e+02 3.03777893e+02 2.38446884e+02
    3.22070923e+02 2.38169220e+02 3.40375000e+02 2.38121567e+02
    3.58515839e+02 2.37954102e+02 3.76753906e+02 2.37687714e+02
    3.94987762e+02 2.37520676e+02 2.85520050e+02 2.57048248e+02
    3.03959473e+02 2.56977386e+02 3.22295410e+02 2.56566345e+02
    3.40525970e+02 2.56460266e+02 3.58773315e+02 2.56316681e+02
    3.77187958e+02 2.56077118e+02 3.95364899e+02 2.56060089e+02
    1.32555099e+02 2.24766968e+02 1.51551498e+02 2.20521088e+02
    1.70475128e+02 2.16471573e+02 1.89248337e+02 2.12114807e+02
    2.07505676e+02 2.08244553e+02 2.25956512e+02 2.04062393e+02
    2.44026550e+02 2.00281326e+02 1.36542542e+02 2.42922226e+02
    1.55426254e+02 2.38815170e+02 1.74260727e+02 2.34535416e+02
    1.92707016e+02 2.30319473e+02 2.11469284e+02 2.26336029e+02
    2.29657715e+02 2.22180405e+02 2.47926956e+02 2.18041199e+02
    1.40356262e+02 2.61438721e+02 1.59201035e+02 2.57050140e+02
    1.77940125e+02 2.52724976e+02 1.96783081e+02 2.48525482e+02
    2.15339478e+02 2.44290833e+02 2.33619156e+02 2.40214020e+02
    2.51750977e+02 2.36118423e+02 1.43952332e+02 2.79654205e+02
    1.62821854e+02 2.75457520e+02 1.81700470e+02 2.71048340e+02
    2.00563477e+02 2.66653595e+02 2.19010208e+02 2.62504028e+02
    2.37593704e+02 2.58311707e+02 2.55581268e+02 2.54047318e+02
    1.47686172e+02 2.98351501e+02 1.66591187e+02 2.93866608e+02
    1.85476959e+02 2.89479340e+02 2.04178253e+02 2.85163391e+02
    2.22785522e+02 2.80858276e+02 2.41268768e+02 2.76432098e+02
    2.59502594e+02 2.72194916e+02 1.51496414e+02 3.16847137e+02
    1.70385513e+02 3.12564697e+02 1.89229248e+02 3.08022736e+02
    2.07946732e+02 3.03541687e+02 2.26567322e+02 2.99073242e+02
    2.45110687e+02 2.94865417e+02 2.63378357e+02 2.90441711e+02
    3.22630585e+02 1.83596756e+02 3.40266113e+02 1.78665817e+02
    3.57504028e+02 1.73907196e+02 3.75019409e+02 1.69067490e+02
    3.92427032e+02 1.64191742e+02 4.09896149e+02 1.59371307e+02
    4.27415955e+02 1.54550201e+02 3.27622986e+02 2.01116409e+02
    3.45033173e+02 1.96276550e+02 3.62502625e+02 1.91424225e+02
    3.79932068e+02 1.86507050e+02 3.97446045e+02 1.81565399e+02
    4.14671478e+02 1.76663559e+02 4.32378296e+02 1.71749680e+02
    3.32517029e+02 2.18591446e+02 3.50054901e+02 2.13625519e+02
    3.67514191e+02 2.08619019e+02 3.84976746e+02 2.03929291e+02
    4.02419769e+02 1.98958771e+02 4.19957367e+02 1.94089874e+02
    4.37371643e+02 1.89219559e+02 3.37503143e+02 2.36285889e+02
    3.55133240e+02 2.31256912e+02 3.72494934e+02 2.26409409e+02
    3.90048767e+02 2.21240402e+02 4.07465454e+02 2.16495255e+02
    4.25113312e+02 2.11606964e+02 4.42591125e+02 2.06640976e+02
    3.42499756e+02 2.53755722e+02 3.60127747e+02 2.48815033e+02
    3.77497864e+02 2.43803558e+02 3.95093262e+02 2.39030014e+02
    4.12667358e+02 2.34020142e+02 4.30185150e+02 2.29045364e+02
    4.47886658e+02 2.24462296e+02 3.47539093e+02 2.71527710e+02
    3.65198669e+02 2.66550049e+02 3.82787445e+02 2.61639343e+02
    4.00373199e+02 2.56533356e+02 4.17713623e+02 2.51815002e+02
    4.35724396e+02 2.46912964e+02 4.53254730e+02 2.41923141e+02
    4.25354767e+02 1.58084427e+02 4.43490051e+02 1.56191589e+02
    4.61614349e+02 1.54134796e+02 4.79950653e+02 1.52418335e+02
    4.98274170e+02 1.50389328e+02 5.16482361e+02 1.48499695e+02
    5.34765259e+02 1.46543259e+02 4.27469666e+02 1.75908661e+02
    4.45496063e+02 1.74079224e+02 4.63720673e+02 1.72255295e+02
    4.81987671e+02 1.70271378e+02 5.00415039e+02 1.68381302e+02
    5.18626343e+02 1.66390915e+02 5.37001404e+02 1.64556198e+02
    4.29464844e+02 1.93816879e+02 4.47727722e+02 1.91955338e+02
    4.65951172e+02 1.90177185e+02 4.84173218e+02 1.88394012e+02
    5.02531830e+02 1.86416962e+02 5.20916382e+02 1.84480103e+02
    5.39067627e+02 1.82485718e+02 4.31682648e+02 2.11926178e+02
    4.49846222e+02 2.10092285e+02 4.68207489e+02 2.08322067e+02
    4.86475983e+02 2.06275513e+02 5.04869720e+02 2.04415314e+02
