<?xml version="1.0"?>
<opencv_storage>
<calibration_Time>"ven. 07 juil. 2017 15:46:42 CEST"</calibration_Time>
<nrOfFrames>5</nrOfFrames>
<image_Width>544</image_Width>
<image_Height>306</image_Height>
<board_Width>7</board_Width>
<board_Height>6</board_Height>
<square_Size>108.</square_Size>
<FixAspectRatio>1.</FixAspectRatio>
<!-- flags:  +fix_aspectRatio +fix_principal_point +zero_tangent_dist -->
<flagValue>14</flagValue>
<camera_matrix type_id="opencv-matrix">
  <rows>3</rows>
  <cols>3</cols>
  <dt>d</dt>
  <data>
    2.9777824678865005e+02 0. 272. 0. 2.9777824678865005e+02 153. 0. 0.
    1.</data></camera_matrix>
<distortion_vector type_id="opencv-matrix">
  <rows>5</rows>
  <cols>1</cols>
  <dt>d</dt>
  <data>
    -1.5348275267520173e-01 -7.1357269857423772e-02 0. 0.
    1.0779002627701448e-01</data></distortion_vector>
<Avg_Reprojection_Error>6.9529182957583697e-310</Avg_Reprojection_Error>
<Per_View_Reprojection_Errors type_id="opencv-matrix">
  <rows>5</rows>
  <cols>1</cols>
  <dt>f</dt>
  <data>
    2.58166164e-01 3.54459941e-01 1.21330567e-01 2.79509455e-01
    1.62441939e-01</data></Per_View_Reprojection_Errors>
<!-- a set of 6-tuples (rotation vector + translation vector) for each view -->
<Extrinsic_Parameters type_id="opencv-matrix">
  <rows>5</rows>
  <cols>6</cols>
  <dt>d</dt>
  <data>
    -5.1126492300701465e-03 6.6983522211575650e-02
    6.1950006896226435e-02 -1.3376723162327164e+03
    -1.0886451574667090e+03 2.5600912658140087e+03
    -2.6265269127986469e-02 -2.5055876059002960e-02
    5.1472619009363015e-02 6.9739397680402612e+02
    -1.3034259020257718e+03 2.5348245272866220e+03
    -3.2182962831134969e-02 1.4946546448247429e-02
    1.3171321642057553e-02 -3.9273800806794543e+02
    -1.2293496686825586e+03 2.5193483859393882e+03
    -1.0784667938044768e-02 6.8808471692710427e-02
    1.2649893105626112e-01 -1.6966240481769682e+03
    -1.2037135845907030e+03 2.5867512307239599e+03
    -2.7710978179709730e-02 2.0073448446731857e-02
    -3.1094001601730636e-01 -5.2989487814818790e+02
    -9.8272864456416346e+02 2.5173153790699616e+03</data></Extrinsic_Parameters>
<Image_points type_id="opencv-matrix">
  <rows>5</rows>
  <cols>42</cols>
  <dt>"2f"</dt>
  <data>
    1.28046036e+02 3.56581421e+01 1.38187241e+02 3.54443817e+01
    1.48728317e+02 3.48934784e+01 1.59712173e+02 3.45767593e+01
    1.70544052e+02 3.44124870e+01 1.81846725e+02 3.42780113e+01
    1.93320618e+02 3.40354385e+01 1.26514359e+02 4.67723160e+01
    1.36675385e+02 4.65078735e+01 1.47333694e+02 4.62813225e+01
    1.58310577e+02 4.58388290e+01 1.69408920e+02 4.58223877e+01
    1.80501297e+02 4.54475594e+01 1.92713928e+02 4.56764259e+01
    1.25088570e+02 5.81007881e+01 1.35336838e+02 5.77194290e+01
    1.46071457e+02 5.75601387e+01 1.56760818e+02 5.75180092e+01
    1.68262436e+02 5.73279953e+01 1.79456314e+02 5.76499710e+01
    1.90451492e+02 5.67554207e+01 1.23670898e+02 6.94889297e+01
    1.34098099e+02 6.94044724e+01 1.44706406e+02 6.92565155e+01
    1.55409592e+02 6.91648254e+01 1.66703094e+02 6.93561249e+01
    1.78236862e+02 6.90009995e+01 1.89361252e+02 6.99861908e+01
    1.22343102e+02 8.08548355e+01 1.32738205e+02 8.08665314e+01
    1.43360703e+02 8.08445740e+01 1.54471115e+02 8.11151733e+01
    1.65550293e+02 8.11272812e+01 1.76980072e+02 8.15132675e+01
    1.89247406e+02 8.14949265e+01 1.21133675e+02 9.25808411e+01
    1.31401474e+02 9.26191635e+01 1.42281021e+02 9.27731400e+01
    1.53375168e+02 9.29855957e+01 1.64622543e+02 9.33692551e+01
    1.76354507e+02 9.34796753e+01 1.87572281e+02 9.37807999e+01
    3.49249146e+02 8.40968704e+00 3.60876709e+02 9.60070610e+00
    3.72255005e+02 1.11358919e+01 3.83391968e+02 1.25871754e+01
    3.94377258e+02 1.42105150e+01 4.05187622e+02 1.57726841e+01
    4.15636719e+02 1.74814625e+01 3.49303192e+02 1.94806690e+01
    3.60872314e+02 2.05757236e+01 3.72430115e+02 2.17504463e+01
    3.83770294e+02 2.33190212e+01 3.94796478e+02 2.46882420e+01
    4.05590210e+02 2.64259243e+01 4.16176331e+02 2.80427456e+01
    3.49155701e+02 3.02489605e+01 3.61088531e+02 3.14615993e+01
    3.72664459e+02 3.29862900e+01 3.83917419e+02 3.44498405e+01
    3.95056671e+02 3.57661629e+01 4.05950500e+02 3.73650055e+01
    4.16615204e+02 3.87333488e+01 3.49290344e+02 4.14100647e+01
    3.60999054e+02 4.30736694e+01 3.72841888e+02 4.43705940e+01
    3.84097717e+02 4.55125465e+01 3.95375580e+02 4.67462196e+01
    4.06110809e+02 4.82167969e+01 4.17121338e+02 4.96677361e+01
    3.48837097e+02 5.34221954e+01 3.61200653e+02 5.42955208e+01
    3.72812714e+02 5.59062538e+01 3.84281158e+02 5.69319038e+01
    3.95527771e+02 5.82093544e+01 4.06721588e+02 5.96378403e+01
    4.16708923e+02 6.05654449e+01 3.49438049e+02 6.46265564e+01
    3.61127716e+02 6.64948807e+01 3.72820557e+02 6.74441986e+01
    3.84265564e+02 6.86435547e+01 3.95661774e+02 7.00081558e+01
    4.05814880e+02 7.02923737e+01 4.18721924e+02 7.14646759e+01
    2.27513138e+02 1.40511522e+01 2.39699661e+02 1.37123308e+01
    2.51880051e+02 1.35546331e+01 2.64304840e+02 1.35439138e+01
    2.76431732e+02 1.35686245e+01 2.88673492e+02 1.37509108e+01
    3.01033112e+02 1.41230927e+01 2.27180603e+02 2.52054825e+01
    2.39337097e+02 2.49978333e+01 2.51549332e+02 2.47334404e+01
    2.63858246e+02 2.47055759e+01 2.76345886e+02 2.47991619e+01
    2.88666931e+02 2.49677944e+01 3.01218567e+02 2.54652901e+01
    2.26479904e+02 3.65986557e+01 2.38831543e+02 3.64118996e+01
    2.51307434e+02 3.63662758e+01 2.63673462e+02 3.63479347e+01
    2.76293793e+02 3.63951492e+01 2.88664856e+02 3.65087700e+01
    3.01184296e+02 3.67002945e+01 2.26162308e+02 4.80591011e+01
    2.38391098e+02 4.82405052e+01 2.50933044e+02 4.79679871e+01
    2.63418579e+02 4.80349464e+01 2.76183960e+02 4.80849304e+01
    2.88586731e+02 4.82624016e+01 3.01260315e+02 4.86047630e+01
    2.25581665e+02 6.04670296e+01 2.38150269e+02 5.99305077e+01
    2.50572083e+02 6.00242043e+01 2.63311646e+02 5.99782104e+01
    2.75837891e+02 6.00766830e+01 2.88587677e+02 6.03735733e+01
    3.01220734e+02 6.03663483e+01 2.25126343e+02 7.20299225e+01
    2.37699966e+02 7.23935547e+01 2.50319565e+02 7.21616287e+01
    2.63147858e+02 7.22504959e+01 2.75723816e+02 7.23777695e+01
    2.88496490e+02 7.24405518e+01 3.01202118e+02 7.27126160e+01
    9.53680649e+01 2.86815891e+01 1.05966652e+02 2.85512142e+01
    1.15364708e+02 2.85602226e+01 1.25128357e+02 2.86316986e+01
    1.35140305e+02 2.88481026e+01 1.45375717e+02 2.92946701e+01
    1.55951874e+02 2.95084038e+01 9.46881714e+01 3.90385323e+01
    1.03603439e+02 3.92368965e+01 1.13087036e+02 3.94519501e+01
    1.22799393e+02 3.95436211e+01 1.32801910e+02 3.97338562e+01
    1.43152267e+02 4.03371887e+01 1.53722977e+02 4.06016808e+01
    9.08906708e+01 4.97292938e+01 1.01441757e+02 4.99195137e+01
    1.10924606e+02 5.03538589e+01 1.20603401e+02 5.05653267e+01
    1.30621353e+02 5.09712524e+01 1.40944183e+02 5.15576515e+01
    1.51565720e+02 5.20299873e+01 9.03340378e+01 6.05768585e+01
    9.93117218e+01 6.07945404e+01 1.08702293e+02 6.14496727e+01
    1.18500641e+02 6.17076302e+01 1.28540955e+02 6.24411392e+01
    1.38879684e+02 6.29162598e+01 1.49546249e+02 6.36137428e+01
    8.78550186e+01 7.15530472e+01 9.72957382e+01 7.19149628e+01
    1.06706528e+02 7.24995575e+01 1.16481010e+02 7.31746979e+01
    1.26512642e+02 7.37451630e+01 1.36819733e+02 7.45699844e+01
    1.47518463e+02 7.51986237e+01 8.63158035e+01 8.25798187e+01
    9.53340836e+01 8.32637634e+01 1.04758018e+02 8.37103577e+01
    1.14493599e+02 8.45399170e+01 1.24548462e+02 8.55068665e+01
    1.34931534e+02 8.62246475e+01 1.45629028e+02 8.71286163e+01
    2.11292648e+02 4.05801392e+01 2.23166229e+02 3.63130035e+01
    2.34728424e+02 3.26560135e+01 2.46546860e+02 2.87292500e+01
    2.58410706e+02 2.50682182e+01 2.70234253e+02 2.14538708e+01
    2.81895203e+02 1.79503460e+01 2.14722610e+02 5.11933517e+01
    2.26545425e+02 4.77031517e+01 2.38315964e+02 4.34873848e+01
    2.50203308e+02 3.96833572e+01 2.62039795e+02 3.59364777e+01
