<?xml version="1.0"?>
<opencv_storage>
<calibration_Time>"mer. 12 juil. 2017 10:32:32 CEST"</calibration_Time>
<nrOfFrames>40</nrOfFrames>
<image_Width>544</image_Width>
<image_Height>306</image_Height>
<board_Width>7</board_Width>
<board_Height>6</board_Height>
<square_Size>108.</square_Size>
<FixAspectRatio>1.</FixAspectRatio>
<!-- flags:  +fix_aspectRatio -->
<flagValue>2</flagValue>
<camera_matrix type_id="opencv-matrix">
  <rows>3</rows>
  <cols>3</cols>
  <dt>d</dt>
  <data>
    2.3599687091645964e+02 0. 2.7707717520583407e+02 0.
    2.3599687091645964e+02 1.4542032958769423e+02 0. 0. 1.</data></camera_matrix>
<distortion_vector type_id="opencv-matrix">
  <rows>5</rows>
  <cols>1</cols>
  <dt>d</dt>
  <data>
    -1.4960113836962613e-01 3.1592163257445550e-02
    1.5396063392663373e-04 3.8864218810093643e-04
    -4.2820110331476292e-03</data></distortion_vector>
<Avg_Reprojection_Error>1.1363509854348671e-322</Avg_Reprojection_Error>
<Per_View_Reprojection_Errors type_id="opencv-matrix">
  <rows>40</rows>
  <cols>1</cols>
  <dt>f</dt>
  <data>
    7.47563243e-02 7.47563243e-02 9.35744792e-02 9.64518040e-02
    8.57890919e-02 9.22690928e-02 8.02843794e-02 1.68481559e-01
    2.86222517e-01 1.52643710e-01 1.37246251e-01 3.28198999e-01
    3.96168083e-01 1.48296937e-01 1.06074005e-01 1.04527533e-01
    1.01325564e-01 1.01325564e-01 1.66257665e-01 1.14365958e-01
    1.26968101e-01 1.23261444e-01 1.66199043e-01 1.38335928e-01
    1.78696916e-01 1.66439846e-01 1.37445658e-01 1.36862382e-01
    1.20402418e-01 4.92932260e-01 1.40464008e-01 1.16054386e-01
    1.62019596e-01 1.70580924e-01 1.35115087e-01 1.79071993e-01
    1.89090520e-01 1.38764858e-01 2.62206107e-01 3.44422132e-01</data></Per_View_Reprojection_Errors>
<!-- a set of 6-tuples (rotation vector + translation vector) for each view -->
<Extrinsic_Parameters type_id="opencv-matrix">
  <rows>40</rows>
  <cols>6</cols>
  <dt>d</dt>
  <data>
    -2.9019026402090073e-02 -9.4519910678719180e-03
    3.0501164709041126e+00 2.2052159645938059e+03 1.1330960374610127e+03
    2.0056654720979293e+03 -2.9019026402090448e-02
    -9.4519910678716127e-03 3.0501164709041126e+00
    2.2052159645938059e+03 1.1330960374610129e+03 2.0056654720979293e+03
    -3.3919826135716556e-02 -6.8716441333360866e-03
    3.0984543494284877e+00 2.1879871364575934e+03 8.1894821317986248e+02
    2.0040471437959336e+03 3.1246758035346590e-02 5.1149005931302909e-03
    -3.1335955243405635e+00 2.1970732641277455e+03
    6.2924584848340476e+02 2.0043924426224819e+03 3.0607074512684521e-02
    -1.4941679707589675e-04 -3.0410223776065402e+00
    2.1994460196473701e+03 3.0206572864977448e+02 1.9996930943582477e+03
    3.1342384760605170e-02 -9.7864017396939867e-03
    -3.1013733212475882e+00 2.2840334338741977e+03
    -2.9852886743510023e+01 2.0015005041419795e+03
    3.4687171227597555e-02 -2.8549887093890398e-02
    -3.0571993864941156e+00 2.3827244577454348e+03
    -6.5961657091904033e+02 2.0045234013991637e+03
    2.4988032751159333e-02 -2.5353647724330942e-02
    -2.9756146917281212e+00 1.3628574142863615e+03
    -5.2207841049773356e+02 1.9809211681268289e+03
    1.7034848361425946e-02 -2.9504323622461838e-02
    -3.0513364781166468e+00 9.7864491015215901e+02
    -5.3860350290951806e+02 1.9684871465893473e+03
    1.1560094209455921e-02 -2.2466647750380826e-02
    -3.0807934694361707e+00 5.5212990114709726e+02
    -5.2847701851317834e+02 1.9692841614836552e+03
    -5.3486500351064194e-03 2.0270826592591672e-02
    3.0683896525083618e+00 2.0194464453567434e+02
    -5.3299332573339359e+02 1.9701665143816640e+03
    -7.0272298225220907e-03 1.9663639740303735e-02
    3.1280907778511509e+00 -1.4052549692533544e+01
    -4.8957081737594194e+02 1.9690925828523611e+03
    -1.0835676030651954e-02 -1.5420218565660554e-02
    -3.1083198651545896e+00 -4.3317646283127431e+02
    -4.1466564351310006e+02 1.9559344550868052e+03
    7.6357871647308381e-03 7.9522180011537737e-03 3.0483367735419860e+00
    -8.8246640253143323e+02 -3.7438507428966778e+02
    1.9720937747881530e+03 1.4950101837323045e-02 1.5941771672340798e-02
    3.1026037909694821e+00 -1.6592020951244044e+03
    -8.0840902948589905e+02 1.9830928735280293e+03
    -1.8026644202278199e-02 -6.8965506504038545e-03
    -3.0681802943921750e+00 -1.7876018870585253e+03
    -3.7905592780310917e+02 1.9802687416611775e+03
    -2.1674145061911114e-02 -2.4809638392042799e-03
    -3.0886077546091606e+00 -1.8263533858180483e+03
    3.3856343835793444e+02 1.9762191600857993e+03
    -2.1674145061911083e-02 -2.4809638392050237e-03
    -3.0886077546091606e+00 -1.8263533858180485e+03
    3.3856343835793444e+02 1.9762191600857993e+03
    -1.7379961525980217e-02 6.3368842649330430e-04
    -3.0789375397353798e+00 -1.4218844792197781e+03
    4.7318751525321670e+02 1.9746329781690984e+03 1.8278277702908234e-02
    -7.9244121509213471e-04 3.1126373190406800e+00
    -1.3875598597342753e+03 6.3134111193783895e+02
    1.9726514744114695e+03 1.7409670970846725e-02
    -7.9806143548327745e-04 3.0518440628700154e+00
    -1.3095853898722689e+03 9.3521897970291229e+02
    1.9722026604530836e+03 1.6210359112690861e-02
    -5.0056734618200184e-03 3.0825570512341800e+00
    -1.2593316572063209e+03 1.1988041129528758e+03
    1.9753094706461764e+03 8.6630073930429148e-04
    -1.5184002299273079e-02 3.1249921166899379e+00
    -4.9632192204200487e+02 1.1974370852112952e+03
    1.9742348191264423e+03 -3.0601579707839072e-03
    -1.8208437551192173e-02 3.1314685704612977e+00
    9.2381098111631090e+01 1.1177877186438127e+03 1.9749912125607748e+03
    2.2558369318385271e-03 1.7122530957054499e-02
    -3.0892065451350987e+00 4.9534974508934079e+02
    1.1692886939448742e+03 1.9752200921724204e+03 1.0276581534255289e-02
    1.8287852079381925e-02 -3.0168440372568432e+00
    8.4589867727004923e+02 1.2376996517832365e+03 1.9829492560301653e+03
    2.1386604795499174e-02 1.2877019824611093e-02
    -3.0001612298759768e+00 1.2849149149733353e+03
    1.3261223128028180e+03 1.9904810183251734e+03 2.2242589647913317e-02
    2.9082490175245264e-03 -3.0774974424951163e+00
    1.3536898042020173e+03 6.5151385900332900e+02 1.9849868558172755e+03
    2.1031395496994180e-02 -1.3567678435601329e-02
    -3.1099383784747396e+00 1.3090129538958147e+03
    -3.9340185037878591e+01 1.9810880308090007e+03
    1.5662070723530364e-02 -6.1093309391628707e-02
    -3.1389360763564329e+00 7.2565478139772028e+02
    -6.6435092478371487e+01 1.9615023512011853e+03
    2.1471238808878090e-02 -3.1203614234939791e-02
    -3.1408286847598204e+00 4.7020435879548972e+02
    -2.8022122585740405e+01 1.9664541915738628e+03
    1.0261163402626710e-04 -1.7836100495990589e-02
    -3.1045390359718299e+00 1.2592826003053850e+02
    7.8619633904923047e-01 1.9632832100081291e+03 3.8572473442889570e-03
    -1.2692513805793964e-02 -3.0668367718141276e+00
    -2.6270975557418728e+02 2.7403864042700516e+01
    1.9692250233105090e+03 3.5343893705076243e-03
    -8.0292435917433385e-03 -3.0912916131881452e+00
    -3.4750086287277395e+02 1.6831873201284793e+01
    1.9710534107853114e+03 9.4276620985667067e-03 9.3948200885840931e-03
    3.1052669268227060e+00 -6.5333289124092312e+02
    1.2251445957604213e+01 1.9689427463896052e+03
    -1.3678989955747610e-02 3.0282165698953551e-03
    -3.0280606191669031e+00 -8.4312722332584804e+02
    6.7383498270667576e+02 1.9699842145925047e+03
    -2.3410129394629584e-02 5.5500746814153542e-03
    -3.0643751899357170e+00 -8.0379107952800405e+02
    7.9367859198499627e+02 1.9643662797791289e+03 6.5565382222551620e-03
    9.4518484679780700e-03 -3.0609663881158253e+00
    4.2397422903669188e+01 8.9887441585209285e+02 1.9719551666932471e+03
    -5.1894600263137731e-03 -1.9268035781853852e-02
    -3.1287813280971970e+00 4.6817720841956088e+02
    8.3475615538668615e+02 1.9729506052651475e+03 1.9549620032904294e-02
    1.0188759095225720e-02 -3.1339007815034838e+00
