<?xml version="1.0"?>
<opencv_storage>
<calibration_Time>"ven. 14 juil. 2017 09:38:23 CEST"</calibration_Time>
<nrOfFrames>10</nrOfFrames>
<image_Width>1280</image_Width>
<image_Height>720</image_Height>
<board_Width>7</board_Width>
<board_Height>6</board_Height>
<square_Size>108.</square_Size>
<FixAspectRatio>1.</FixAspectRatio>
<!-- flags:  +fix_aspectRatio -->
<flagValue>2</flagValue>
<camera_matrix type_id="opencv-matrix">
  <rows>3</rows>
  <cols>3</cols>
  <dt>d</dt>
  <data>
    1.3071044182062901e+03 0. 6.4401155710375474e+02 0.
    1.3071044182062901e+03 3.4920059351546718e+02 0. 0. 1.</data></camera_matrix>
<distortion_vector type_id="opencv-matrix">
  <rows>5</rows>
  <cols>1</cols>
  <dt>d</dt>
  <data>
    -4.1635241160774128e-01 1.5975206457051158e-01
    -1.4039992040957979e-03 -2.6985929032092003e-04
    1.4643309504592894e-01</data></distortion_vector>
<Avg_Reprojection_Error>1.1363509854348671e-322</Avg_Reprojection_Error>
<Per_View_Reprojection_Errors type_id="opencv-matrix">
  <rows>10</rows>
  <cols>1</cols>
  <dt>f</dt>
  <data>
    1.70313373e-01 2.20605373e-01 2.16184303e-01 2.97360480e-01
    1.31931615e+00 2.36547470e-01 1.94775447e-01 1.53940305e-01
    2.67150044e-01 2.67513126e-01</data></Per_View_Reprojection_Errors>
<!-- a set of 6-tuples (rotation vector + translation vector) for each view -->
<Extrinsic_Parameters type_id="opencv-matrix">
  <rows>10</rows>
  <cols>6</cols>
  <dt>d</dt>
  <data>
    -1.7525643004009932e-02 3.9749260573943679e-02
    1.5014572144491025e+00 -2.2494308088419746e+02
    -2.6516872066431011e+02 3.0352632434658299e+03
    -3.2172077204389754e-01 -3.1687846653296714e-01
    1.7921693071231524e+00 8.6498134258135678e+02 1.0469170926299772e+02
    2.9392068255329013e+03 -4.8419181001139316e-01
    3.9151375087501850e-01 1.7273126260852019e+00 7.0480567502774727e+02
    -1.5417659256575442e+02 2.9280651414823033e+03
    5.2058602544897903e-01 9.1208092773835348e-01 1.8804701066477776e+00
    9.7511196923094658e+00 -2.0842614529181287e+02
    2.4641037764749854e+03 -1.8141593789292343e-01
    2.3574684585751621e-01 1.5894603787258599e+00
    -5.0207450612338442e+02 -7.7072099713561795e+02
    3.0137007895232123e+03 4.8958410731799690e-01 5.1663248092813896e-01
    1.4293768424744722e+00 -3.2977030573830552e+02
    -3.4860053708871231e+02 2.5969487046800546e+03
    -7.8824962451556638e-02 3.0222520105219097e-02
    1.5498975326161710e+00 9.3858965243267073e+02
    -6.9121235711163672e+02 3.0475270429177067e+03
    -2.6213682940498018e-01 2.9449089297470149e-01
    1.4141756665451695e+00 3.0710472323602482e+02 6.5170773081426120e+01
    2.9527594982485016e+03 3.5072076211294612e-01 4.8353898621077129e-01
    1.6956266715047632e+00 -1.5842530959411334e+02
    -9.2493484014908631e+01 2.6687236579371938e+03
    2.1570567131786339e-01 -7.1423744568407310e-01
    6.5455228422116274e-01 -3.7450558971870311e+02
    -2.8733882919370302e+02 2.4518199704282592e+03</data></Extrinsic_Parameters>
<Image_points type_id="opencv-matrix">
  <rows>10</rows>
  <cols>42</cols>
  <dt>"2f"</dt>
  <data>
    5.47647827e+02 2.35492630e+02 5.50518250e+02 2.81406525e+02
    5.53360962e+02 3.27547577e+02 5.56530518e+02 3.74204956e+02
    5.59598694e+02 4.20523621e+02 5.62789612e+02 4.66860870e+02
    5.66165344e+02 5.13089478e+02 5.02346130e+02 2.39165329e+02
    5.04464203e+02 2.84813965e+02 5.07539734e+02 3.30958099e+02
    5.10406311e+02 3.77317413e+02 5.13647949e+02 4.23584198e+02
    5.16799744e+02 4.69917511e+02 5.20235840e+02 5.15684082e+02
    4.56723358e+02 2.42522491e+02 4.59542572e+02 2.88497803e+02
    4.61932373e+02 3.34152618e+02 4.64809509e+02 3.80443726e+02
    4.67885559e+02 4.26463715e+02 4.71419220e+02 4.72595093e+02
    4.74727020e+02 5.18311584e+02 4.12177612e+02 2.46444168e+02
    4.14291351e+02 2.91800385e+02 4.16912201e+02 3.37387909e+02
    4.19783508e+02 3.83409302e+02 4.22940765e+02 4.29277161e+02
    4.26358185e+02 4.75207642e+02 4.30023071e+02 5.20614014e+02
    3.67837585e+02 2.50244904e+02 3.70393066e+02 2.95212280e+02
    3.72666931e+02 3.40635132e+02 3.75708923e+02 3.86404449e+02
    3.78650818e+02 4.31999084e+02 3.82112152e+02 4.77539337e+02
    3.85723083e+02 5.22744934e+02 3.24823059e+02 2.53756790e+02
    3.26786896e+02 2.98717621e+02 3.29407593e+02 3.43792603e+02
    3.31903259e+02 3.89293518e+02 3.35180969e+02 4.34612091e+02
    3.38601135e+02 4.79760681e+02 3.42292114e+02 5.24711487e+02
    1.01539807e+03 3.94123566e+02 1.00515735e+03 4.39329987e+02
    9.94447876e+02 4.84466370e+02 9.83460999e+02 5.29537964e+02
    9.72011108e+02 5.74404114e+02 9.60573547e+02 6.18508667e+02
    9.48493164e+02 6.62563477e+02 9.80565735e+02 3.83744720e+02
    9.70095459e+02 4.29826630e+02 9.59151917e+02 4.75867889e+02
    9.47911804e+02 5.22045532e+02 9.36609680e+02 5.67780518e+02
    9.24638550e+02 6.12957581e+02 9.12645996e+02 6.57793762e+02
    9.44237427e+02 3.73072327e+02 9.33404480e+02 4.20082947e+02
    9.22434448e+02 4.67122162e+02 9.10977600e+02 5.14059814e+02
    8.99304199e+02 5.60847961e+02 8.87282959e+02 6.07381958e+02
    8.75009644e+02 6.52848694e+02 9.06052124e+02 3.61783325e+02
    8.95280334e+02 4.09816345e+02 8.83741638e+02 4.57742950e+02
    8.72132080e+02 5.05926880e+02 8.60311035e+02 5.53612549e+02
    8.48261230e+02 6.00757507e+02 8.35781128e+02 6.47538940e+02
    8.66376526e+02 3.50290924e+02 8.55306946e+02 3.99334900e+02
    8.43638184e+02 4.48252106e+02 8.31670532e+02 4.97240936e+02
    8.19673828e+02 5.45874634e+02 8.07329773e+02 5.93918518e+02
    7.95117493e+02 6.41563965e+02 8.25057190e+02 3.38118286e+02
    8.13660217e+02 3.88033569e+02 8.01595825e+02 4.37843964e+02
    7.89665955e+02 4.87976715e+02 7.77424561e+02 5.37677612e+02
    7.65196777e+02 5.86830078e+02 7.52741089e+02 6.35580811e+02
    9.50706421e+02 2.81645569e+02 9.48717346e+02 3.20324982e+02
    9.46541138e+02 3.60877625e+02 9.43857544e+02 4.03047089e+02
    9.40748840e+02 4.46709351e+02 9.37283203e+02 4.91816833e+02
    9.33453491e+02 5.38686218e+02 9.06374878e+02 2.71864716e+02
    9.03542664e+02 3.10699554e+02 9.00330383e+02 3.51253235e+02
    8.96664185e+02 3.93175598e+02 8.92782532e+02 4.37267578e+02
    8.88304626e+02 4.82630341e+02 8.83467957e+02 5.29649780e+02
    8.61270447e+02 2.61986145e+02 8.57421936e+02 3.00575012e+02
    8.53264648e+02 3.41046875e+02 8.48683350e+02 3.83493011e+02
    8.43873962e+02 4.27085358e+02 8.38513672e+02 4.72861572e+02
    8.32521057e+02 5.19945679e+02 8.15332520e+02 2.51806412e+02
    8.10489563e+02 2.90581573e+02 8.05434875e+02 3.30975891e+02
    8.00037781e+02 3.73045135e+02 7.94035034e+02 4.17037201e+02
    7.87645386e+02 4.62617950e+02 7.80837891e+02 5.09742584e+02
    7.69112793e+02 2.41689011e+02 7.63238403e+02 2.80181580e+02
    7.57131409e+02 3.20636139e+02 7.50486816e+02 3.62476196e+02
    7.43602844e+02 4.06513306e+02 7.36340393e+02 4.52084045e+02
    7.28524353e+02 4.99293732e+02 7.22543579e+02 2.31649033e+02
    7.15694580e+02 2.69856415e+02 7.08385681e+02 3.09968201e+02
    7.00639160e+02 3.51902222e+02 6.92711182e+02 3.95694275e+02
    6.84330505e+02 4.41030273e+02 6.75585876e+02 4.88069489e+02
    6.49168762e+02 2.38725632e+02 6.22811951e+02 2.89419342e+02
    5.96189514e+02 3.40044159e+02 5.69811523e+02 3.91244415e+02
    5.43385681e+02 4.41834625e+02 5.17392273e+02 4.92253571e+02
    4.91719818e+02 5.41784546e+02 6.17750488e+02 2.27604187e+02
    5.92134460e+02 2.76365143e+02 5.66574463e+02 3.25576904e+02
    5.40872681e+02 3.74679596e+02 5.15596558e+02 4.23782562e+02
    4.90496063e+02 4.72410614e+02 4.66029480e+02 5.20704834e+02
    5.88196716e+02 2.17213516e+02 5.63376221e+02 2.64245239e+02
    5.38615112e+02 3.11710144e+02 5.14048828e+02 3.59423767e+02
    4.89557190e+02 4.06866241e+02 4.65493286e+02 4.54019653e+02
    4.41781830e+02 5.00618134e+02 5.60480652e+02 2.07391312e+02
    5.36463684e+02 2.52980972e+02 5.12558899e+02 2.98967590e+02
    4.88665741e+02 3.44853119e+02 4.65142273e+02 3.90914917e+02
