<?xml version="1.0"?>
<opencv_storage>
<calibration_Time>"ven. 07 juil. 2017 15:46:48 CEST"</calibration_Time>
<nrOfFrames>9</nrOfFrames>
<image_Width>1280</image_Width>
<image_Height>720</image_Height>
<board_Width>7</board_Width>
<board_Height>6</board_Height>
<square_Size>108.</square_Size>
<flagValue>0</flagValue>
<camera_matrix type_id="opencv-matrix">
  <rows>3</rows>
  <cols>3</cols>
  <dt>d</dt>
  <data>
    8.2281445293109173e+03 0. 6.4128765782069127e+02 0.
    8.2637960631731785e+03 3.5991822254955838e+02 0. 0. 1.</data></camera_matrix>
<distortion_vector type_id="opencv-matrix">
  <rows>5</rows>
  <cols>1</cols>
  <dt>d</dt>
  <data>
    8.2449472234694134e+00 -9.9491382580404070e+02
    2.9872266143424048e-02 1.9725802406107808e-02
    -6.2342988771451422e+00</data></distortion_vector>
<Avg_Reprojection_Error>6.9529182957421644e-310</Avg_Reprojection_Error>
<Per_View_Reprojection_Errors type_id="opencv-matrix">
  <rows>9</rows>
  <cols>1</cols>
  <dt>f</dt>
  <data>
    1.80320114e-01 1.04910880e-01 1.64729014e-01 9.32487920e-02
    1.92494154e-01 1.56939730e-01 9.58394632e-02 1.71358183e-01
    1.86825246e-01</data></Per_View_Reprojection_Errors>
<!-- a set of 6-tuples (rotation vector + translation vector) for each view -->
<Extrinsic_Parameters type_id="opencv-matrix">
  <rows>9</rows>
  <cols>6</cols>
  <dt>d</dt>
  <data>
    -7.3227695610276408e-03 -2.2148992592544892e-01
    -3.1236906748453874e+00 1.3647946801539517e+03
    2.0655385646005332e+01 2.4308484484866811e+04
    -5.3961766683897679e-03 2.0133114986777143e-01
    3.1043733707728740e+00 4.2646179591612582e+02 2.0672605301593123e+02
    2.4363575700350368e+04 1.1947620237592384e-02
    -2.0018349756595383e-01 -3.0581905655733874e+00
    1.7321108088720337e+03 1.1942443683324078e+02 2.4344863436705418e+04
    -2.7337776800319069e-02 1.7785788692632803e-01
    2.7805187426410374e+00 5.5236992015723786e+02
    -4.4410866505225769e+01 2.4398383294775842e+04
    2.1678071247960593e-02 2.0968826343065522e-01 3.1196629060933398e+00
    1.5884572030533923e+03 8.2969901974260267e+02 2.4224323501123567e+04
    -1.4699754879724832e-02 2.5070253679405363e-01
    3.1297393434245300e+00 -8.2902634196608619e+02
    8.2705261433929036e+02 2.4110244470164613e+04
    -1.1705365539074322e-02 2.1280621799777957e-01
    3.1051939663771080e+00 2.0119598131979325e+02 1.7958171349083193e+02
    2.4344380312250818e+04 -2.8224487740142003e-02
    -2.1827043189265943e-01 -3.1045250204260424e+00
    9.1669427301578901e+02 2.3498815078453626e+02 2.4318325415195981e+04
    -1.5583743303425658e-02 2.4941962410329954e-01
    3.0518246958341901e+00 -7.2241194329236578e+02
    7.2702403730703327e+02 2.4106985022740828e+04</data></Extrinsic_Parameters>
<Image_points type_id="opencv-matrix">
  <rows>9</rows>
  <cols>42</cols>
  <dt>"2f"</dt>
  <data>
    1.11230444e+03 3.67800720e+02 1.07457300e+03 3.67348480e+02
    1.03676733e+03 3.66858002e+02 9.98811707e+02 3.66417358e+02
    9.60869385e+02 3.66054199e+02 9.23240723e+02 3.65436371e+02
    8.85592285e+02 3.64924561e+02 1.11207336e+03 3.30957092e+02
    1.07448193e+03 3.30512360e+02 1.03666577e+03 3.29996002e+02
    9.98799011e+02 3.29606079e+02 9.60979309e+02 3.29174011e+02
    9.23209351e+02 3.28767700e+02 8.85975586e+02 3.28451508e+02
    1.11203857e+03 2.93867249e+02 1.07455505e+03 2.93501099e+02
    1.03678369e+03 2.93144348e+02 9.98905579e+02 2.92798737e+02
    9.61207947e+02 2.92540741e+02 9.23541504e+02 2.92233826e+02
    8.86283997e+02 2.92054291e+02 1.11213379e+03 2.57089447e+02
    1.07453516e+03 2.56720795e+02 1.03694617e+03 2.56332245e+02
    9.99127319e+02 2.56181427e+02 9.61551086e+02 2.55890656e+02
    9.23810059e+02 2.55780304e+02 8.86549011e+02 2.55566559e+02
    1.11210767e+03 2.20347672e+02 1.07451367e+03 2.20007462e+02
    1.03719092e+03 2.19716721e+02 9.99400513e+02 2.19459229e+02
    9.61900940e+02 2.19312088e+02 9.24225647e+02 2.19180374e+02
    8.86967346e+02 2.18972214e+02 1.11224475e+03 1.83664703e+02
    1.07487048e+03 1.83250351e+02 1.03740308e+03 1.82845871e+02
    9.99905334e+02 1.82588028e+02 9.62436279e+02 1.82515991e+02
    9.25068665e+02 1.82524384e+02 8.87593689e+02 1.82298935e+02
    7.85874756e+02 4.30337738e+02 7.49310974e+02 4.31423523e+02
    7.12689697e+02 4.32411926e+02 6.76149597e+02 4.33593018e+02
    6.39398010e+02 4.34616760e+02 6.02925598e+02 4.35658173e+02
    5.66344238e+02 4.37021820e+02 7.84617188e+02 3.93957703e+02
    7.47908325e+02 3.94830017e+02 7.11338074e+02 3.96043732e+02
    6.74812256e+02 3.97114471e+02 6.38375977e+02 3.98251434e+02
    6.01854004e+02 3.99283051e+02 5.65472412e+02 4.00322205e+02
    7.83250793e+02 3.57357147e+02 7.46633362e+02 3.58703766e+02
    7.10279968e+02 3.59716003e+02 6.73746216e+02 3.60756104e+02
    6.37338684e+02 3.61882507e+02 6.00863953e+02 3.63031525e+02
    5.64309998e+02 3.64074921e+02 7.82147644e+02 3.21136292e+02
    7.45567688e+02 3.22235291e+02 7.09112122e+02 3.23483734e+02
    6.72620483e+02 3.24570190e+02 6.36163696e+02 3.25604858e+02
    5.99659729e+02 3.26846924e+02 5.63285706e+02 3.27784393e+02
    7.80918030e+02 2.84778076e+02 7.44383118e+02 2.85934387e+02
    7.07796021e+02 2.87234680e+02 6.71362854e+02 2.88399902e+02
    6.34918274e+02 2.89363251e+02 5.98600830e+02 2.90597534e+02
    5.62288757e+02 2.91673950e+02 7.79716003e+02 2.48602203e+02
    7.43221252e+02 2.49670868e+02 7.06710205e+02 2.50893097e+02
    6.70405090e+02 2.52176117e+02 6.34025757e+02 2.53185806e+02
    5.97516479e+02 2.54314865e+02 5.61088562e+02 2.55357895e+02
    1.23898157e+03 4.02502686e+02 1.20210974e+03 3.99405182e+02
    1.16474219e+03 3.96384796e+02 1.12741052e+03 3.93469299e+02
    1.08952905e+03 3.90483337e+02 1.05184656e+03 3.87420166e+02
    1.01387225e+03 3.84309479e+02 1.24120471e+03 3.65676331e+02
    1.20410510e+03 3.62542542e+02 1.16693030e+03 3.59544006e+02
    1.12955225e+03 3.56503693e+02 1.09204089e+03 3.53395844e+02
    1.05426355e+03 3.50388855e+02 1.01653094e+03 3.47525177e+02
    1.24360010e+03 3.28507904e+02 1.20657288e+03 3.25783264e+02
    1.16944788e+03 3.22724335e+02 1.13188892e+03 3.19723816e+02
    1.09440515e+03 3.16683655e+02 1.05666309e+03 3.13677490e+02
    1.01915808e+03 3.10792480e+02 1.24559717e+03 2.91952484e+02
    1.20901343e+03 2.88713989e+02 1.17169946e+03 2.85817810e+02
    1.13465271e+03 2.82787445e+02 1.09692688e+03 2.80000549e+02
    1.05937512e+03 2.77075806e+02 1.02171088e+03 2.74319489e+02
    1.24770984e+03 2.55107697e+02 1.21114648e+03 2.52165100e+02
    1.17419128e+03 2.49167618e+02 1.13697949e+03 2.46114456e+02
    1.09959790e+03 2.43204315e+02 1.06202026e+03 2.40473297e+02
    1.02463940e+03 2.37788620e+02 1.25021887e+03 2.18639984e+02
    1.21367590e+03 2.15357758e+02 1.17658105e+03 2.12494110e+02
    1.13957690e+03 2.09588226e+02 1.10225928e+03 2.06501526e+02
    1.06500330e+03 2.03596771e+02 1.02752246e+03 2.00839767e+02
    8.28454651e+02 3.44755920e+02 7.94106750e+02 3.57614929e+02
    7.59601685e+02 3.70204010e+02 7.25475220e+02 3.82981110e+02
    6.91165283e+02 3.95572021e+02 6.56990234e+02 4.08221222e+02
    6.22597168e+02 4.20927032e+02 8.15515503e+02 3.10862152e+02
    7.81015869e+02 3.23427734e+02 7.46813110e+02 3.36254211e+02
    7.12556641e+02 3.48768585e+02 6.78338379e+02 3.61514008e+02
    6.44167297e+02 3.74109863e+02 6.10025635e+02 3.86815521e+02
    8.02591675e+02 2.76704651e+02 7.68304932e+02 2.89528809e+02
    7.34056641e+02 3.02177124e+02 6.99885742e+02 3.14819000e+02
    6.65641235e+02 3.27436798e+02 6.31434753e+02 3.40239471e+02
    5.97334167e+02 3.52800018e+02 7.89931152e+02 2.42786438e+02
    7.55534790e+02 2.55424576e+02 7.21356934e+02 2.68309937e+02
    6.87144409e+02 2.80869873e+02 6.52934692e+02 2.93638794e+02
    6.18764404e+02 3.06170349e+02 5.84586060e+02 3.18737793e+02
    7.77153870e+02 2.08621140e+02 7.42882874e+02 2.21596344e+02
    7.08677246e+02 2.34305862e+02 6.74467651e+02 2.46963531e+02
    6.40366943e+02 2.59587372e+02 6.06115051e+02 2.72294617e+02
