<?xml version="1.0"?>
<opencv_storage>
<calibration_Time>"ven. 07 juil. 2017 12:33:15 CEST"</calibration_Time>
<nrOfFrames>10</nrOfFrames>
<image_Width>544</image_Width>
<image_Height>306</image_Height>
<board_Width>7</board_Width>
<board_Height>6</board_Height>
<square_Size>108.</square_Size>
<FixAspectRatio>1.</FixAspectRatio>
<!-- flags:  +fix_aspectRatio +fix_principal_point +zero_tangent_dist -->
<flagValue>14</flagValue>
<camera_matrix type_id="opencv-matrix">
  <rows>3</rows>
  <cols>3</cols>
  <dt>d</dt>
  <data>
    3.0411574064595140e+02 0. 272. 0. 3.0411574064595140e+02 153. 0. 0.
    1.</data></camera_matrix>
<distortion_vector type_id="opencv-matrix">
  <rows>5</rows>
  <cols>1</cols>
  <dt>d</dt>
  <data>
    -1.9335240639120904e-01 -2.1137978549935141e-02 0. 0.
    2.7268172957819751e-02</data></distortion_vector>
<Avg_Reprojection_Error>2.1810908366209126e-317</Avg_Reprojection_Error>
<Per_View_Reprojection_Errors type_id="opencv-matrix">
  <rows>10</rows>
  <cols>1</cols>
  <dt>f</dt>
  <data>
    2.46373010e+00 1.94749340e-01 1.61065325e-01 6.44693971e-02
    1.26818001e-01 9.83675838e-01 1.53780982e-01 2.36464113e-01
    1.99010208e-01 1.73785895e-01</data></Per_View_Reprojection_Errors>
<!-- a set of 6-tuples (rotation vector + translation vector) for each view -->
<Extrinsic_Parameters type_id="opencv-matrix">
  <rows>10</rows>
  <cols>6</cols>
  <dt>d</dt>
  <data>
    9.0425827346283696e-02 -1.2728699582829836e-01
    -1.4158398614431156e+00 1.8131293440015952e+03
    1.3243466017504231e+03 2.5386723986107449e+03 2.2675837514707448e-02
    2.1942044159873674e-02 -1.5155455489278686e+00
    1.0121618592681496e+03 1.2711417335219903e+03 2.5931028094341768e+03
    3.3147947353996426e-02 2.4280037493875965e-02
    -1.5957695964932042e+00 7.6270134982183447e+02
    1.2647831450766084e+03 2.5934223638008361e+03 4.6333361809449677e-02
    4.1202794567801654e-02 -1.3979929129280655e+00
    -7.9075460522479162e+01 1.0799666294265633e+03
    2.5792862679583563e+03 1.8660608367655814e-02 7.2604957396743261e-02
    -1.5897613033790998e+00 -7.3740779636699017e+02
    1.0549232460464539e+03 2.5914319913244090e+03
    -4.3710196819071534e-03 3.7321264800552360e-02
    -1.5870779965477628e+00 -1.8311362506720736e+03
    1.1409847148332976e+03 2.6134307620871264e+03 1.5371532581907254e-02
    2.9366648904687098e-02 -1.6514041334816407e+00
    -1.9234521311770550e+03 -2.9941219749564186e+02
    2.5923714516917016e+03 -2.4459641921012243e-02
    2.8932429190385012e-02 -1.5010523393039419e+00
    -1.1664408009958449e+03 -5.3967841465186916e+02
    2.5749917193391007e+03 -4.4408904211229233e-03
    -1.2031880824786791e-03 -1.5034450146652658e+00
    -2.3173896164291779e+01 -5.4104239067113417e+02
    2.5473976116697513e+03 1.6253561042713700e-02
    -5.6191505092659097e-03 -1.6517272187489374e+00
    8.2051715224673342e+02 -5.0796755986181910e+02
    2.5521839373152998e+03</data></Extrinsic_Parameters>
<Image_points type_id="opencv-matrix">
  <rows>10</rows>
  <cols>42</cols>
  <dt>"2f"</dt>
  <data>
    4.57566925e+02 2.86972717e+02 4.59059784e+02 2.77178406e+02
    4.61858948e+02 2.67236115e+02 4.63653839e+02 2.56401733e+02
    4.66169678e+02 2.46398590e+02 4.67722137e+02 2.35389786e+02
    4.66717651e+02 2.24626022e+02 4.64985931e+02 2.86445831e+02
    4.67863403e+02 2.76687927e+02 4.66423981e+02 2.66646851e+02
    4.72817200e+02 2.56700073e+02 4.74790405e+02 2.46132233e+02
    4.76916504e+02 2.35832947e+02 4.75171722e+02 2.24734421e+02
    4.70252228e+02 2.86071838e+02 4.68220154e+02 2.76688019e+02
    4.78189789e+02 2.66467773e+02 4.81036957e+02 2.56235535e+02
    4.83804138e+02 2.45812927e+02 4.86274139e+02 2.35435837e+02
    4.88525513e+02 2.25118896e+02 4.73642517e+02 2.85820892e+02
    4.80791656e+02 2.75726593e+02 4.78405304e+02 2.66457031e+02
    4.88572784e+02 2.55673218e+02 4.84158539e+02 2.45811050e+02
    4.92489502e+02 2.35415192e+02 4.94627136e+02 2.25232437e+02
    4.86069702e+02 2.84673828e+02 4.84053955e+02 2.75609650e+02
    4.90964417e+02 2.65348389e+02 4.88690460e+02 2.55669479e+02
    4.90590088e+02 2.45725571e+02 4.92606689e+02 2.35418518e+02
    4.99142151e+02 2.25050751e+02 4.93564301e+02 2.84014709e+02
    4.92421906e+02 2.74699097e+02 4.93959778e+02 2.65235931e+02
    4.95951569e+02 2.55616028e+02 4.98102356e+02 2.45403702e+02
    5.00122650e+02 2.35479309e+02 5.02065491e+02 2.25002914e+02
    3.81362122e+02 2.90515656e+02 3.83117035e+02 2.79963257e+02
    3.84691193e+02 2.69302246e+02 3.86288300e+02 2.58272308e+02
    3.87798370e+02 2.46761185e+02 3.89360474e+02 2.35440033e+02
    3.90695862e+02 2.23603012e+02 3.92017578e+02 2.90178925e+02
    3.93983124e+02 2.79552216e+02 3.95575684e+02 2.68786530e+02
    3.97153656e+02 2.57798676e+02 3.98630676e+02 2.46661209e+02
    4.00107635e+02 2.35373459e+02 4.01487091e+02 2.23643784e+02
    4.02445618e+02 2.89445892e+02 4.04387421e+02 2.79176331e+02
    4.05978607e+02 2.68518616e+02 4.07741425e+02 2.57569489e+02
    4.09470978e+02 2.46515732e+02 4.10961487e+02 2.35356659e+02
    4.12372894e+02 2.23650391e+02 4.12927429e+02 2.88685303e+02
    4.14590424e+02 2.78602936e+02 4.16471558e+02 2.68055878e+02
    4.18095825e+02 2.57436462e+02 4.20021027e+02 2.46496414e+02
    4.21444336e+02 2.35092102e+02 4.22737488e+02 2.23619263e+02
    4.22610657e+02 2.88410065e+02 4.24635345e+02 2.77959290e+02
    4.26540741e+02 2.67545471e+02 4.28337128e+02 2.56717041e+02
    4.29885254e+02 2.45817947e+02 4.31522034e+02 2.34727921e+02
    4.32957214e+02 2.23585770e+02 4.32563446e+02 2.87598663e+02
    4.34473328e+02 2.77395142e+02 4.36415009e+02 2.66945618e+02
    4.38052734e+02 2.56468689e+02 4.39770538e+02 2.45597672e+02
    4.41373138e+02 2.34548141e+02 4.43029480e+02 2.23552658e+02
    3.55545319e+02 2.91790619e+02 3.56238739e+02 2.81181122e+02
    3.56598511e+02 2.70274994e+02 3.57160522e+02 2.59168823e+02
    3.57427704e+02 2.47705566e+02 3.57745026e+02 2.35944000e+02
    3.58043549e+02 2.24178329e+02 3.66913452e+02 2.90631653e+02
    3.67560608e+02 2.80234375e+02 3.68261871e+02 2.69460510e+02
    3.68666595e+02 2.58209839e+02 3.69247833e+02 2.46646027e+02
    3.69541901e+02 2.35211884e+02 3.69937927e+02 2.23533646e+02
    3.78060730e+02 2.89481567e+02 3.78685333e+02 2.78932770e+02
    3.79489929e+02 2.68231689e+02 3.80232697e+02 2.57301605e+02
    3.80614258e+02 2.46101746e+02 3.81216034e+02 2.34530167e+02
    3.81473328e+02 2.22540802e+02 3.89030853e+02 2.88416504e+02
    3.89872498e+02 2.78066498e+02 3.90493683e+02 2.67228638e+02
    3.91305878e+02 2.56230957e+02 3.91849121e+02 2.44723175e+02
    3.92421051e+02 2.33358948e+02 3.92794220e+02 2.21636978e+02
    3.99900024e+02 2.87134552e+02 4.00456116e+02 2.76654205e+02
    4.01472107e+02 2.66189117e+02 4.02327026e+02 2.54970901e+02
    4.02886414e+02 2.44131546e+02 4.03448914e+02 2.32621552e+02
    4.03970947e+02 2.21040543e+02 4.10292419e+02 2.85677704e+02
    4.11164215e+02 2.75316193e+02 4.12241852e+02 2.64689026e+02
    4.12950806e+02 2.54008591e+02 4.13550568e+02 2.42721802e+02
    4.14351044e+02 2.31487213e+02 4.14757751e+02 2.19974976e+02
    2.62902069e+02 2.75853333e+02 2.65060303e+02 2.64816956e+02
    2.67120239e+02 2.53492844e+02 2.69300720e+02 2.41837418e+02
    2.71442322e+02 2.29956146e+02 2.73615448e+02 2.17860748e+02
    2.75824768e+02 2.05575333e+02 2.75116119e+02 2.77844360e+02
    2.77255066e+02 2.66795105e+02 2.79431152e+02 2.55488983e+02
    2.81631592e+02 2.43867142e+02 2.83931763e+02 2.32168320e+02
    2.86176666e+02 2.20004288e+02 2.88517944e+02 2.07682938e+02
    2.87184265e+02 2.79711212e+02 2.89424835e+02 2.68686584e+02
    2.91663818e+02 2.57426025e+02 2.94054260e+02 2.45905655e+02
    2.96354462e+02 2.34083893e+02 2.98670380e+02 2.22063980e+02
    3.00896118e+02 2.09850739e+02 2.99188751e+02 2.81417694e+02
    3.01502411e+02 2.70488739e+02 3.03890839e+02 2.59288147e+02
    3.06296112e+02 2.47742783e+02 3.08672363e+02 2.36049377e+02
    3.11025116e+02 2.24010452e+02 3.13564667e+02 2.11837418e+02
