<?xml version="1.0"?>
<opencv_storage>
<calibration_Time>"jeu. 20 juil. 2017 14:41:36 CEST"</calibration_Time>
<nrOfFrames>11</nrOfFrames>
<image_Width>1280</image_Width>
<image_Height>720</image_Height>
<board_Width>6</board_Width>
<board_Height>7</board_Height>
<square_Size>108.</square_Size>
<FixAspectRatio>1.</FixAspectRatio>
<!-- flags:  +fix_aspectRatio -->
<flagValue>2</flagValue>
<camera_matrix type_id="opencv-matrix">
  <rows>3</rows>
  <cols>3</cols>
  <dt>d</dt>
  <data>
    1.3627401444237448e+03 0. 6.7591577434987005e+02 0.
    1.3627401444237448e+03 3.2811024705619212e+02 0. 0. 1.</data></camera_matrix>
<distortion_vector type_id="opencv-matrix">
  <rows>5</rows>
  <cols>1</cols>
  <dt>d</dt>
  <data>
    -4.5940711109989157e-01 -6.2919828998679025e-02
    5.7997410394154273e-03 4.8666571939162944e-03 1.6583734663332255e+00</data></distortion_vector>
<Avg_Reprojection_Error>2.9643938750474793e-323</Avg_Reprojection_Error>
<Per_View_Reprojection_Errors type_id="opencv-matrix">
  <rows>11</rows>
  <cols>1</cols>
  <dt>f</dt>
  <data>
    1.53790802e-01 5.07232964e-01 1.75365746e-01 1.75365746e-01
    1.75365746e-01 1.75365746e-01 1.75365746e-01 1.75365746e-01
    1.75365746e-01 1.75365746e-01 1.75365746e-01</data></Per_View_Reprojection_Errors>
<!-- a set of 6-tuples (rotation vector + translation vector) for each view -->
<Extrinsic_Parameters type_id="opencv-matrix">
  <rows>11</rows>
  <cols>6</cols>
  <dt>d</dt>
  <data>
    -9.2278666167769086e-02 5.2438256962268242e-03
    -1.7224490123221996e+00 2.6107894889195319e+02
    6.9433797401205834e+02 3.0783497219369019e+03 3.2001636498937158e-01
    -5.4072592686896181e-01 -1.7899389610917362e+00
    1.4537974093116148e+02 6.1165905027114661e+02 2.5949124367374202e+03
    -2.9263790052553079e-01 -2.7407354137537182e-01
    -1.1554126005052792e+00 -4.9875335020428984e+01
    2.2998855039473870e+02 2.8662921352880307e+03
    -2.9263790052553079e-01 -2.7407354137537165e-01
    -1.1554126005052789e+00 -4.9875335020428984e+01
    2.2998855039473867e+02 2.8662921352880307e+03
    -2.9263790052552996e-01 -2.7407354137537165e-01
    -1.1554126005052789e+00 -4.9875335020428913e+01
    2.2998855039473872e+02 2.8662921352880312e+03
    -2.9263790052553090e-01 -2.7407354137537149e-01
    -1.1554126005052789e+00 -4.9875335020428963e+01
    2.2998855039473875e+02 2.8662921352880317e+03
    -2.9263790052553063e-01 -2.7407354137537160e-01
    -1.1554126005052789e+00 -4.9875335020428970e+01
    2.2998855039473872e+02 2.8662921352880307e+03
    -2.9263790052553040e-01 -2.7407354137537193e-01
    -1.1554126005052789e+00 -4.9875335020428970e+01
    2.2998855039473875e+02 2.8662921352880312e+03
    -2.9263790052553024e-01 -2.7407354137537127e-01
    -1.1554126005052792e+00 -4.9875335020428956e+01
    2.2998855039473878e+02 2.8662921352880317e+03
    -2.9263790052553046e-01 -2.7407354137537182e-01
    -1.1554126005052789e+00 -4.9875335020428970e+01
    2.2998855039473870e+02 2.8662921352880303e+03
    -2.9263790052553063e-01 -2.7407354137537160e-01
    -1.1554126005052792e+00 -4.9875335020428992e+01
    2.2998855039473870e+02 2.8662921352880307e+03</data></Extrinsic_Parameters>
<Image_points type_id="opencv-matrix">
  <rows>11</rows>
  <cols>42</cols>
  <dt>"2f"</dt>
  <data>
    7.89263306e+02 6.28887634e+02 7.82642090e+02 5.83750916e+02
    7.75812500e+02 5.38077515e+02 7.68942383e+02 4.92018311e+02
    7.61679321e+02 4.45522034e+02 7.54506104e+02 3.98763641e+02
    8.35604797e+02 6.21680298e+02 8.28976074e+02 5.76485901e+02
    8.22347778e+02 5.30906128e+02 8.15363342e+02 4.84668152e+02
    8.08448914e+02 4.38328094e+02 8.01168762e+02 3.91566956e+02
    8.81281921e+02 6.14303894e+02 8.75182434e+02 5.69116699e+02
    8.68550720e+02 5.23519836e+02 8.62036987e+02 4.77358337e+02
    8.54893616e+02 4.30879883e+02 8.47807861e+02 3.84370605e+02
    9.26742554e+02 6.06542236e+02 9.20747742e+02 5.61599060e+02
    9.14432739e+02 5.15890259e+02 9.07908752e+02 4.69858276e+02
    9.01025146e+02 4.23514435e+02 8.93891113e+02 3.76897217e+02
    9.71765625e+02 5.98648499e+02 9.66086121e+02 5.53621704e+02
    9.59820984e+02 5.08290924e+02 9.53543518e+02 4.62314575e+02
    9.46672668e+02 4.16042328e+02 9.39691467e+02 3.69738861e+02
    1.01617426e+03 5.90494385e+02 1.01052869e+03 5.45874634e+02
    1.00459271e+03 5.00337250e+02 9.98331421e+02 4.54745331e+02
    9.91647705e+02 4.08624420e+02 9.84648315e+02 3.62474884e+02
    1.05950879e+03 5.82584534e+02 1.05444690e+03 5.37690002e+02
    1.04833606e+03 4.92798767e+02 1.04229944e+03 4.46751160e+02
    1.03597144e+03 4.01172302e+02 1.02890967e+03 3.55306976e+02
    7.50607361e+02 6.42454773e+02 7.35390686e+02 5.90539673e+02
    7.19196167e+02 5.38007507e+02 7.03658447e+02 4.84615997e+02
    6.87403381e+02 4.31137543e+02 6.72779175e+02 3.76938934e+02
    7.94801208e+02 6.24232910e+02 7.79146545e+02 5.73537170e+02
    7.64272217e+02 5.21623718e+02 7.48401306e+02 4.69655060e+02
    7.33767761e+02 4.17146729e+02 7.17557922e+02 3.64880920e+02
    8.36214722e+02 6.06583679e+02 8.21830933e+02 5.56789978e+02
    8.06549438e+02 5.06565643e+02 7.92290588e+02 4.55105103e+02
    7.76293091e+02 4.04439056e+02 7.61869568e+02 3.52418945e+02
    8.76434631e+02 5.89512512e+02 8.61569519e+02 5.41179749e+02
    8.47969177e+02 4.91378723e+02 8.32694763e+02 4.41670288e+02
    8.18518127e+02 3.90696655e+02 8.03569214e+02 3.40273804e+02
    9.13654236e+02 5.73298584e+02 9.00671814e+02 5.25239014e+02
    8.86038269e+02 4.77244415e+02 8.72325073e+02 4.27565765e+02
    8.57822327e+02 3.78767090e+02 8.43658081e+02 3.29435730e+02
    9.50507507e+02 5.57048157e+02 9.36562317e+02 5.10573669e+02
    9.23507812e+02 4.62878204e+02 9.09066284e+02 4.15375885e+02
    8.95301453e+02 3.66806152e+02 8.81296448e+02 3.18948120e+02
    9.84233398e+02 5.41732788e+02 9.71900452e+02 4.95884705e+02
    9.57550232e+02 4.50738556e+02 9.44883972e+02 4.02598419e+02
    9.31465698e+02 3.55461914e+02 9.16279297e+02 3.08122894e+02
    6.52218262e+02 4.37019196e+02 6.71592224e+02 3.92740265e+02
    6.90591919e+02 3.49548096e+02 7.09068726e+02 3.07021088e+02
    7.27133667e+02 2.65891144e+02 7.44543762e+02 2.25940002e+02
    6.99661316e+02 4.56604645e+02 7.18485291e+02 4.11863831e+02
    7.37341431e+02 3.68751160e+02 7.54908630e+02 3.25406616e+02
    7.72268311e+02 2.83913422e+02 7.89135315e+02 2.43633209e+02
    7.47254150e+02 4.76054047e+02 7.65638306e+02 4.30991669e+02
    7.83478210e+02 3.86906525e+02 8.00698853e+02 3.43876862e+02
    8.17424988e+02 3.02194122e+02 8.33601074e+02 2.61475891e+02
    7.94837158e+02 4.95407349e+02 8.12475403e+02 4.50224457e+02
    8.29946167e+02 4.05825989e+02 8.46525696e+02 3.62535553e+02
    8.62530640e+02 3.20464996e+02 8.77981384e+02 2.79588837e+02
    8.42148132e+02 5.14393066e+02 8.59417358e+02 4.69077850e+02
    8.75906189e+02 4.24565582e+02 8.92012207e+02 3.81101898e+02
    9.07444092e+02 3.38689056e+02 9.22085449e+02 2.97612274e+02
    8.89288086e+02 5.33377625e+02 9.05667053e+02 4.87622101e+02
    9.21683472e+02 4.43046387e+02 9.37198364e+02 3.99453186e+02
    9.51640930e+02 3.57033295e+02 9.65853210e+02 3.15631500e+02
    9.35326965e+02 5.51419128e+02 9.51401123e+02 5.06176697e+02
    9.66559509e+02 4.61354248e+02 9.81452576e+02 4.17966766e+02
    9.95529541e+02 3.75141846e+02 1.00874084e+03 3.33747803e+02
    6.52218262e+02 4.37019196e+02 6.71592224e+02 3.92740265e+02
    6.90591919e+02 3.49548096e+02 7.09068726e+02 3.07021088e+02
    7.27133667e+02 2.65891144e+02 7.44543762e+02 2.25940002e+02
    6.99661316e+02 4.56604645e+02 7.18485291e+02 4.11863831e+02
    7.37341431e+02 3.68751160e+02 7.54908630e+02 3.25406616e+02
    7.72268311e+02 2.83913422e+02 7.89135315e+02 2.43633209e+02
    7.47254150e+02 4.76054047e+02 7.65638306e+02 4.30991669e+02
    7.83478210e+02 3.86906525e+02 8.00698853e+02 3.43876862e+02
    8.17424988e+02 3.02194122e+02 8.33601074e+02 2.61475891e+02
    7.94837158e+02 4.95407349e+02 8.12475403e+02 4.50224457e+02
