<?xml version="1.0"?>
<opencv_storage>
<calibration_Time>"jeu. 27 juil. 2017 12:17:28 CEST"</calibration_Time>
<nrOfFrames>9</nrOfFrames>
<image_Width>1280</image_Width>
<image_Height>720</image_Height>
<board_Width>6</board_Width>
<board_Height>7</board_Height>
<square_Size>108.</square_Size>
<FixAspectRatio>1.</FixAspectRatio>
<!-- flags:  +fix_aspectRatio -->
<flagValue>2</flagValue>
<camera_matrix type_id="opencv-matrix">
  <rows>3</rows>
  <cols>3</cols>
  <dt>d</dt>
  <data>
    1.3220589014387929e+03 0. 6.4519938994511642e+02 0.
    1.3220589014387929e+03 3.2039361744893620e+02 0. 0. 1.</data></camera_matrix>
<distortion_vector type_id="opencv-matrix">
  <rows>5</rows>
  <cols>1</cols>
  <dt>d</dt>
  <data>
    -4.2882067119785400e-01 1.1740655581362055e-02
    2.5629701603693050e-03 -2.3150147533317505e-03
    1.1745161793137047e+00</data></distortion_vector>
<Avg_Reprojection_Error>2.9643938750474793e-323</Avg_Reprojection_Error>
<Per_View_Reprojection_Errors type_id="opencv-matrix">
  <rows>9</rows>
  <cols>1</cols>
  <dt>f</dt>
  <data>
    1.47364751e-01 1.94028795e-01 1.80872306e-01 1.51061416e-01
    1.22867137e-01 1.26926407e-01 1.77924231e-01 1.23798236e-01
    1.67258710e-01</data></Per_View_Reprojection_Errors>
<!-- a set of 6-tuples (rotation vector + translation vector) for each view -->
<Extrinsic_Parameters type_id="opencv-matrix">
  <rows>9</rows>
  <cols>6</cols>
  <dt>d</dt>
  <data>
    -4.8125109376443931e-01 6.6644172714109870e-02
    -6.9456208764100769e-01 -6.5630086316478230e+02
    5.3773255633844521e+01 3.0487779648557516e+03
    -6.6785947798126244e-02 4.3648568002269955e-01
    -5.6591601267330804e-01 -7.3008014298564990e+02
    1.0335079579098088e+02 3.0058255802392050e+03
    -4.6367195702637787e-01 -2.4735497449784641e-01
    -8.1416842262940792e-01 -2.0294777760826034e+02
    -9.4188664880536326e+00 2.8932574035056828e+03
    -1.0745948514171788e-02 -1.6512542933998087e-01
    -4.3589885262070333e-01 -1.7936531480317686e+02
    -8.4793998019651411e+01 2.7773950940324662e+03
    -1.8976314983827045e-01 1.6288014008065946e-01
    -2.2370695076161792e-02 -2.1832716790808436e+02
    -1.9542496356576339e+02 2.9372633981067634e+03
    -3.8520834329801401e-01 3.5723645819478606e-01
    8.4358453361301500e-01 6.1186348447165221e+02
    -3.0569779185357424e+02 3.0803564685460860e+03
    -1.8265934889821536e-01 6.0387553824409738e-02
    4.9006165155636916e-01 -7.6149090125678498e+01
    -4.7509664730368866e+02 3.2128085195484769e+03
    -4.1930770854468731e-02 1.9913752055543990e-01
    2.9400927132433924e-01 -1.8757943594075925e+02
    -6.0930586793175871e+02 3.0663873332553503e+03
    -5.2798107907641045e-01 3.0373733580690994e-03
    2.7346201630785033e-01 6.1701635982103525e+01
    -5.2466392238805906e+02 3.1499969624309801e+03</data></Extrinsic_Parameters>
<Image_points type_id="opencv-matrix">
  <rows>9</rows>
  <cols>42</cols>
  <dt>"2f"</dt>
  <data>
    3.65845032e+02 3.43397308e+02 4.01037079e+02 3.14466553e+02
    4.36543365e+02 2.85609650e+02 4.72159058e+02 2.56670288e+02
    5.07727356e+02 2.27901962e+02 5.43416687e+02 1.99385300e+02
    3.88564667e+02 3.74662292e+02 4.24589905e+02 3.45505157e+02
    4.60553375e+02 3.15923615e+02 4.96980133e+02 2.86446991e+02
    5.33323547e+02 2.57163513e+02 5.69424500e+02 2.27846451e+02
    4.12397980e+02 4.07440002e+02 4.49091187e+02 3.77502289e+02
    4.85863953e+02 3.47541321e+02 5.22793457e+02 3.17480499e+02
    5.59734985e+02 2.87531311e+02 5.96426758e+02 2.57567841e+02
    4.37379639e+02 4.41134430e+02 4.74696136e+02 4.10743866e+02
    5.12247925e+02 3.80174377e+02 5.49689575e+02 3.49636719e+02
    5.87303223e+02 3.18986816e+02 6.24544067e+02 2.88439148e+02
    4.63445099e+02 4.75905792e+02 5.01422821e+02 4.45161499e+02
    5.39506104e+02 4.14059937e+02 5.77605103e+02 3.82930450e+02
    6.15734558e+02 3.51688507e+02 6.53675781e+02 3.20514008e+02
    4.90418060e+02 5.11857025e+02 5.29283997e+02 4.80649902e+02
    5.67860779e+02 4.49160919e+02 6.06652039e+02 4.17410370e+02
    6.45445984e+02 3.85505280e+02 6.83716675e+02 3.53713196e+02
    5.18621155e+02 5.48793335e+02 5.57808716e+02 5.17187317e+02
    5.97380249e+02 4.85109131e+02 6.36582581e+02 4.52673279e+02
    6.75843445e+02 4.20272430e+02 7.14715210e+02 3.87886932e+02
    3.31467072e+02 3.65247040e+02 3.61455902e+02 3.40708496e+02
    3.92721863e+02 3.15434937e+02 4.25180145e+02 2.89174561e+02
    4.59147186e+02 2.61865967e+02 4.94104767e+02 2.33920639e+02
    3.52295929e+02 4.04960999e+02 3.83161560e+02 3.81214752e+02
    4.14774200e+02 3.56182373e+02 4.48154663e+02 3.30508667e+02
    4.82474609e+02 3.03724823e+02 5.18369690e+02 2.76162842e+02
    3.73946899e+02 4.45377106e+02 4.05137787e+02 4.22099731e+02
    4.37664673e+02 3.97802399e+02 4.71493439e+02 3.72665649e+02
    5.06798065e+02 3.46495148e+02 5.43242737e+02 3.19443390e+02
    3.96070435e+02 4.86110077e+02 4.28010040e+02 4.63583160e+02
    4.60996490e+02 4.40010925e+02 4.95594543e+02 4.15529602e+02
    5.31391663e+02 3.89959351e+02 5.68629944e+02 3.63444794e+02
    4.18866394e+02 5.27380432e+02 4.51274078e+02 5.05454529e+02
    4.85109314e+02 4.82524841e+02 5.20135559e+02 4.58773743e+02
    5.56678345e+02 4.33827148e+02 5.94487732e+02 4.08009583e+02
    4.42032837e+02 5.68520691e+02 4.75118103e+02 5.47463928e+02
    5.09394531e+02 5.25464111e+02 5.45260132e+02 5.02265900e+02
    5.82231079e+02 4.78276306e+02 6.20803528e+02 4.53205841e+02
    4.65559052e+02 6.09786743e+02 4.99149414e+02 5.89491516e+02
    5.34156067e+02 5.68288086e+02 5.70444336e+02 5.45953735e+02
    6.08258240e+02 5.22750610e+02 6.47222168e+02 4.98337494e+02
    5.52651917e+02 3.16064514e+02 5.86265137e+02 2.85313873e+02
    6.19095215e+02 2.55187119e+02 6.50664124e+02 2.25808090e+02
    6.81587280e+02 1.97551498e+02 7.11390930e+02 1.70041794e+02
    5.88628052e+02 3.45563416e+02 6.22208069e+02 3.13859680e+02
    6.54669861e+02 2.83196167e+02 6.86367676e+02 2.53249130e+02
    7.16901001e+02 2.23934067e+02 7.46450317e+02 1.95870117e+02
    6.25616455e+02 3.75702759e+02 6.58853943e+02 3.43462402e+02
    6.91444946e+02 3.11692108e+02 7.22643555e+02 2.81044495e+02
    7.53152405e+02 2.51367477e+02 7.82234741e+02 2.22444321e+02
    6.63442566e+02 4.06625153e+02 6.96480713e+02 3.73578491e+02
    7.28699341e+02 3.41193939e+02 7.59724792e+02 3.09614594e+02
    7.89700256e+02 2.79139526e+02 8.18607483e+02 2.49601639e+02
    7.02078430e+02 4.37947113e+02 7.34795349e+02 4.04113861e+02
    7.66605774e+02 3.71076141e+02 7.97368347e+02 3.38734222e+02
    8.26993103e+02 3.07593018e+02 8.55391479e+02 2.77304840e+02
    7.41181030e+02 4.69912537e+02 7.73673889e+02 4.35395752e+02
    8.05225525e+02 4.01375519e+02 8.35438232e+02 3.68441742e+02
    8.64487915e+02 3.36409058e+02 8.92556702e+02 3.05566284e+02
    7.80776245e+02 5.02048004e+02 8.12990295e+02 4.66715302e+02
    8.43968567e+02 4.31943451e+02 8.73780212e+02 3.98463074e+02
    9.02544373e+02 3.65674469e+02 9.29826538e+02 3.33981171e+02
    5.60162537e+02 2.80251953e+02 6.06021729e+02 2.58966553e+02
    6.51469666e+02 2.38093292e+02 6.96236816e+02 2.17621841e+02
    7.40429077e+02 1.97729721e+02 7.83504578e+02 1.78201462e+02
    5.81649597e+02 3.26647827e+02 6.27513855e+02 3.05250549e+02
    6.72794250e+02 2.84028381e+02 7.17556274e+02 2.63283905e+02
    7.61209473e+02 2.42909485e+02 8.04519714e+02 2.22955917e+02
    6.03371338e+02 3.73120728e+02 6.48904480e+02 3.51378784e+02
    6.94228027e+02 3.29899292e+02 7.38533142e+02 3.08838562e+02
    7.82310059e+02 2.87996185e+02 8.24922363e+02 2.67697479e+02
    6.24915649e+02 4.19383820e+02 6.70383911e+02 3.97470093e+02
    7.15311707e+02 3.75720947e+02 7.59603333e+02 3.54342957e+02
    8.02764038e+02 3.33273071e+02 8.45385925e+02 3.12494720e+02
    6.46478027e+02 4.65282715e+02 6.91644287e+02 4.43264221e+02
    7.36175354e+02 4.21249969e+02 7.80105896e+02 3.99561462e+02
    8.23130554e+02 3.77978943e+02 8.65227966e+02 3.57162506e+02
    6.67983826e+02 5.10539032e+02 7.12766052e+02 4.88308990e+02
