<?xml version="1.0"?>
<opencv_storage>
<calibration_Time>"jeu. 27 juil. 2017 14:38:39 CEST"</calibration_Time>
<nrOfFrames>10</nrOfFrames>
<image_Width>640</image_Width>
<image_Height>480</image_Height>
<board_Width>6</board_Width>
<board_Height>7</board_Height>
<square_Size>108.</square_Size>
<FixAspectRatio>1.</FixAspectRatio>
<!-- flags:  +fix_aspectRatio -->
<flagValue>2</flagValue>
<camera_matrix type_id="opencv-matrix">
  <rows>3</rows>
  <cols>3</cols>
  <dt>d</dt>
  <data>
    6.6625408188445499e+02 0. 3.4862484690919524e+02 0.
    6.6625408188445499e+02 2.4037610348816222e+02 0. 0. 1.</data></camera_matrix>
<distortion_vector type_id="opencv-matrix">
  <rows>5</rows>
  <cols>1</cols>
  <dt>d</dt>
  <data>
    -4.7036588847214533e-01 4.7875125154427584e-01
    4.4790197546117105e-04 -7.5632629302366181e-03
    -6.7813555467984621e-01</data></distortion_vector>
<Avg_Reprojection_Error>2.9643938750474793e-323</Avg_Reprojection_Error>
<Per_View_Reprojection_Errors type_id="opencv-matrix">
  <rows>10</rows>
  <cols>1</cols>
  <dt>f</dt>
  <data>
    9.77060273e-02 1.12338327e-01 1.25260472e-01 1.77518249e-01
    1.29732877e-01 6.50867000e-02 1.44060969e-01 1.96134076e-01
    1.17595628e-01 9.19420123e-02</data></Per_View_Reprojection_Errors>
<!-- a set of 6-tuples (rotation vector + translation vector) for each view -->
<Extrinsic_Parameters type_id="opencv-matrix">
  <rows>10</rows>
  <cols>6</cols>
  <dt>d</dt>
  <data>
    2.7595842606496651e-01 -7.3903822626195007e-02
    -1.8501212686012969e+00 2.0606188036276187e+01
    7.0833172500453782e+02 2.8481304439275132e+03
    -3.5927174786449734e-01 -4.5632881465680708e-01
    -1.2869252741296735e+00 -1.2109263347833891e+02
    2.1653604486023434e+02 2.6953448475694127e+03
    -5.0976585524810425e-01 9.7603538619861104e-03
    -5.5526851897744001e-01 -4.9529929717606407e+01
    2.4766323970525795e+02 2.8785452417816605e+03 1.9067131506327925e-01
    -8.4036142264978977e-02 -3.2224318261270196e-01
    -2.4525827498100392e+02 -6.6498245096677385e+02
    2.8674496616797337e+03 -5.1784028406769167e-01
    -3.2472732626636878e-02 1.0027256877149822e-01
    -2.9380076826021758e+02 -7.1859068899483339e+02
    3.0100059831710887e+03 3.0307507479328150e-01
    -2.8104988131247594e-01 -1.2311764271505141e+00
    -1.2286634684935341e+03 -2.9775189917108497e+02
    2.7685441589163024e+03 1.5071955603864048e-01
    -2.3398242155609156e-01 1.6828032286450987e+00
    -1.4842405568820098e+02 4.5594619051100051e+02
    2.8347228695520766e+03 -4.8280055352936119e-01
    -3.3609114898399822e-01 1.7555383621671605e+00
    -2.4678972279700011e+02 3.9148661885677649e+02
    2.9515273775364767e+03 1.6898288105767767e-01
    -4.5235566375168856e-01 8.1782202326741249e-01
    -3.6732773147974370e+01 -1.2626310742831318e+02
    2.7072124398875562e+03 -3.3861181264963541e-01
    3.5731420364555753e-02 5.3666507995224699e-01
    -6.0794912376284280e+01 -5.7341930097657972e+01
    3.0173668092217413e+03</data></Extrinsic_Parameters>
<Image_points type_id="opencv-matrix">
  <rows>10</rows>
  <cols>42</cols>
  <dt>"2f"</dt>
  <data>
    3.52886627e+02 4.01702576e+02 3.46360718e+02 3.79958374e+02
    3.39590088e+02 3.57650116e+02 3.32691895e+02 3.34629700e+02
    3.25767029e+02 3.11185669e+02 3.18641785e+02 2.87166565e+02
    3.75891144e+02 3.93527222e+02 3.69608612e+02 3.71808960e+02
    3.63276733e+02 3.49550140e+02 3.56636963e+02 3.26605316e+02
    3.49899841e+02 3.03260864e+02 3.43131317e+02 2.79258301e+02
    3.98507690e+02 3.85247192e+02 3.92532410e+02 3.63620667e+02
    3.86433777e+02 3.41478027e+02 3.80166718e+02 3.18605286e+02
    3.73709717e+02 2.95307190e+02 3.67107574e+02 2.71446320e+02
    4.20582611e+02 3.77019623e+02 4.14986786e+02 3.55423370e+02
    4.09226776e+02 3.33299194e+02 4.03274139e+02 3.10590912e+02
    3.97017944e+02 2.87422241e+02 3.90674042e+02 2.63657135e+02
    4.42315674e+02 3.68644958e+02 4.36944489e+02 3.47218597e+02
    4.31485077e+02 3.25251038e+02 4.25703033e+02 3.02652313e+02
    4.19818909e+02 2.79621521e+02 4.13678986e+02 2.56113190e+02
    4.63382538e+02 3.60352020e+02 4.58354462e+02 3.39086304e+02
    4.53132690e+02 3.17203217e+02 4.47648010e+02 2.94832672e+02
    4.42017975e+02 2.71952637e+02 4.36236572e+02 2.48582321e+02
    4.83796631e+02 3.52233337e+02 4.79068298e+02 3.30862183e+02
    4.74145325e+02 3.09381897e+02 4.68926270e+02 2.87102661e+02
    4.63561157e+02 2.64409393e+02 4.57889252e+02 2.41327255e+02
    3.18768738e+02 2.93503937e+02 3.24921112e+02 2.71018402e+02
    3.30773621e+02 2.49232208e+02 3.36491272e+02 2.28218872e+02
    3.41917511e+02 2.07995377e+02 3.47242004e+02 1.88593018e+02
    3.44590637e+02 3.00065399e+02 3.50242920e+02 2.77482208e+02
    3.55608032e+02 2.55515182e+02 3.60788910e+02 2.34410233e+02
    3.65766998e+02 2.14029663e+02 3.70568451e+02 1.94469070e+02
    3.70334412e+02 3.06532257e+02 3.75455139e+02 2.83796387e+02
    3.80408386e+02 2.61796021e+02 3.85084747e+02 2.40531586e+02
    3.89559570e+02 2.20101257e+02 3.93825073e+02 2.00393524e+02
    3.95814575e+02 3.12851532e+02 4.00508911e+02 2.90169281e+02
    4.04925995e+02 2.68055115e+02 4.09268097e+02 2.46693069e+02
    4.13220306e+02 2.26187454e+02 4.16994202e+02 2.06392014e+02
    4.21167603e+02 3.19075012e+02 4.25341766e+02 2.96321747e+02
    4.29336121e+02 2.74226807e+02 4.33076080e+02 2.52807632e+02
    4.36579407e+02 2.32244675e+02 4.39916656e+02 2.12372543e+02
    4.45971039e+02 3.25091492e+02 4.49722748e+02 3.02373016e+02
    4.53300690e+02 2.80308868e+02 4.56554474e+02 2.58879761e+02
    4.59631683e+02 2.38223618e+02 4.62522949e+02 2.18345383e+02
    4.70414490e+02 3.30858765e+02 4.73638062e+02 3.08222229e+02
    4.76738708e+02 2.86214691e+02 4.79591644e+02 2.64773285e+02
    4.82312042e+02 2.44197922e+02 4.84683441e+02 2.24257446e+02
    3.37285553e+02 2.97494965e+02 3.58393372e+02 2.84833160e+02
    3.79444824e+02 2.72146454e+02 3.99973358e+02 2.59385529e+02
    4.20393311e+02 2.46825851e+02 4.40307831e+02 2.34386536e+02
    3.49679688e+02 3.16771332e+02 3.71256012e+02 3.03749725e+02
    3.92323944e+02 2.90818268e+02 4.13365540e+02 2.77878204e+02
    4.33760529e+02 2.64996552e+02 4.53880493e+02 2.52248398e+02
    3.62537964e+02 3.36408722e+02 3.84228577e+02 3.23278015e+02
    4.05676239e+02 3.10021393e+02 4.26727264e+02 2.96747314e+02
    4.47500488e+02 2.83584503e+02 4.67710754e+02 2.70519073e+02
    3.75631531e+02 3.56569458e+02 3.97615906e+02 3.43157166e+02
    4.19275543e+02 3.29605774e+02 4.40547272e+02 3.16124634e+02
    4.61435211e+02 3.02607819e+02 4.81758759e+02 2.89290680e+02
    3.89093628e+02 3.77113708e+02 4.11251465e+02 3.63403625e+02
    4.33031494e+02 3.49608765e+02 4.54500153e+02 3.35795959e+02
    4.75495880e+02 3.22043518e+02 4.95973358e+02 3.08350128e+02
    4.02692841e+02 3.97861053e+02 4.25077576e+02 3.84026154e+02
    4.47018372e+02 3.69957825e+02 4.68569794e+02 3.55814545e+02
    4.89708344e+02 3.41749268e+02 5.10297119e+02 3.27682007e+02
    4.16529205e+02 4.18874237e+02 4.38994812e+02 4.04724487e+02
    4.61153412e+02 3.90508240e+02 4.82783447e+02 3.76178772e+02
    5.03931763e+02 3.61704315e+02 5.24574097e+02 3.47396240e+02
    2.92550232e+02 8.97424545e+01 3.15832275e+02 8.24090424e+01
    3.39107269e+02 7.52335434e+01 3.61762604e+02 6.85399323e+01
    3.84464355e+02 6.15925560e+01 4.06471069e+02 5.58184547e+01
    3.00312775e+02 1.12560677e+02 3.23523102e+02 1.05102493e+02
    3.46546722e+02 9.77726593e+01 3.69441040e+02 9.06698761e+01
    3.91668213e+02 8.43512573e+01 4.14398071e+02 7.76409607e+01
    3.07908081e+02 1.35559708e+02 3.31166107e+02 1.27858833e+02
    3.54200043e+02 1.20538765e+02 3.76764008e+02 1.13454323e+02
    3.99418182e+02 1.06460083e+02 4.21314697e+02 9.98970566e+01
    3.15579529e+02 1.58536163e+02 3.38650726e+02 1.50907837e+02
    3.61597046e+02 1.43416122e+02 3.84362305e+02 1.36222488e+02
    4.06543365e+02 1.29131439e+02 4.28576904e+02 1.22269089e+02
    3.23253540e+02 1.81485474e+02 3.46289642e+02 1.73660599e+02
