<?xml version="1.0"?>
<opencv_storage>
<rotation_matrix type_id="opencv-matrix">
  <rows>3</rows>
  <cols>3</cols>
  <dt>d</dt>
  <data>
    9.9966822971857783e-01 -6.0639714477861220e-03
    2.5033152849865393e-02 5.2989584586790074e-03 9.9952029279024046e-01
    3.0514018741630872e-02 -2.5206180404366771e-02
    -3.0371245460004442e-02 9.9922081439421107e-01</data></rotation_matrix>
<translation_matrix type_id="opencv-matrix">
  <rows>3</rows>
  <cols>1</cols>
  <dt>d</dt>
  <data>
    8.6931261647516948e+01 -1.3221381773483245e+03
    1.2162239007490109e+03</data></translation_matrix>
</opencv_storage>
