<?xml version="1.0"?>
<opencv_storage>
<calibration_Time>"mar. 25 juil. 2017 16:28:19 CEST"</calibration_Time>
<nrOfFrames>2</nrOfFrames>
<image_Width>1280</image_Width>
<image_Height>720</image_Height>
<board_Width>6</board_Width>
<board_Height>7</board_Height>
<square_Size>108.</square_Size>
<FixAspectRatio>1.</FixAspectRatio>
<!-- flags:  +fix_aspectRatio -->
<flagValue>2</flagValue>
<camera_matrix type_id="opencv-matrix">
  <rows>3</rows>
  <cols>3</cols>
  <dt>d</dt>
  <data>
    1.8099072806723398e+03 0. 6.3655721165474813e+02 0.
    1.8099072806723398e+03 3.4835271799783806e+02 0. 0. 1.</data></camera_matrix>
<distortion_vector type_id="opencv-matrix">
  <rows>5</rows>
  <cols>1</cols>
  <dt>d</dt>
  <data>
    -8.9911122834362001e-01 1.3483869264178292e+00
    1.3470139707283977e-02 1.3078822874524665e-02
    -2.1946679176107509e-01</data></distortion_vector>
<Avg_Reprojection_Error>2.9643938750474793e-323</Avg_Reprojection_Error>
<Per_View_Reprojection_Errors type_id="opencv-matrix">
  <rows>2</rows>
  <cols>1</cols>
  <dt>f</dt>
  <data>
    1.07778430e-01 1.09045886e-01</data></Per_View_Reprojection_Errors>
<!-- a set of 6-tuples (rotation vector + translation vector) for each view -->
<Extrinsic_Parameters type_id="opencv-matrix">
  <rows>2</rows>
  <cols>6</cols>
  <dt>d</dt>
  <data>
    -1.5661302431008262e-01 3.0902581388474622e-02
    -4.6580716694922131e-01 2.3179969798491584e+02
    -8.8181186266761458e+01 4.0431499919952744e+03
    -2.2845200245302233e-02 1.2848421933807636e-01
    1.3399691740151870e-01 -4.3936786739505641e+02
    4.0090806094138685e+01 4.2233484033598752e+03</data></Extrinsic_Parameters>
<Image_points type_id="opencv-matrix">
  <rows>2</rows>
  <cols>42</cols>
  <dt>"2f"</dt>
  <data>
    7.40244568e+02 3.08884674e+02 7.82849487e+02 2.87620667e+02
    8.25140625e+02 2.66591064e+02 8.66539673e+02 2.45907288e+02
    9.07466492e+02 2.25576736e+02 9.47450012e+02 2.05629517e+02
    7.62172180e+02 3.51926086e+02 8.04980835e+02 3.29866608e+02
    8.47175354e+02 3.08619904e+02 8.88734497e+02 2.87587006e+02
    9.29600098e+02 2.66944000e+02 9.69703247e+02 2.46522919e+02
    7.84231018e+02 3.94416473e+02 8.26940369e+02 3.72630280e+02
    8.69340637e+02 3.51121155e+02 9.10833252e+02 3.29686523e+02
    9.51733521e+02 3.08622314e+02 9.91632263e+02 2.87940765e+02
    8.06197449e+02 4.37534576e+02 8.49006409e+02 4.15573608e+02
    8.91237915e+02 3.93732635e+02 9.32910095e+02 3.72116974e+02
    9.73541138e+02 3.50678589e+02 1.01352863e+03 3.29576477e+02
    8.28176147e+02 4.80621094e+02 8.70768127e+02 4.58527283e+02
    9.13118347e+02 4.36516541e+02 9.54469116e+02 4.14518494e+02
    9.95261841e+02 3.92955688e+02 1.03483911e+03 3.71447906e+02
    8.49743042e+02 5.23691589e+02 8.92506958e+02 5.01463898e+02
    9.34489868e+02 4.79178070e+02 9.75867432e+02 4.57084167e+02
    1.01637158e+03 4.34993927e+02 1.05603345e+03 4.13330627e+02
    8.71270935e+02 5.66406372e+02 9.13692871e+02 5.44144531e+02
    9.55564087e+02 5.21539856e+02 9.96703674e+02 4.99266266e+02
    1.03721814e+03 4.77155457e+02 1.07653418e+03 4.55006866e+02
    4.50884155e+02 3.65622864e+02 4.94594482e+02 3.71668060e+02
    5.39029541e+02 3.77859131e+02 5.84374390e+02 3.84237579e+02
    6.30271057e+02 3.90442230e+02 6.76418884e+02 3.96804535e+02
    4.44775604e+02 4.10920471e+02 4.88575287e+02 4.17324188e+02
    5.32837769e+02 4.23956512e+02 5.78097961e+02 4.30314117e+02
    6.23909180e+02 4.36922882e+02 6.70120789e+02 4.43503174e+02
    4.39019318e+02 4.55995605e+02 4.82627594e+02 4.62908630e+02
    5.27063110e+02 4.69647858e+02 5.72129272e+02 4.76420410e+02
    6.17519958e+02 4.83227203e+02 6.63869507e+02 4.89715668e+02
    4.33574341e+02 5.00981781e+02 4.76981873e+02 5.08080231e+02
    5.21183899e+02 5.15186218e+02 5.65971008e+02 5.22164062e+02
    6.11413574e+02 5.29220825e+02 6.57385864e+02 5.36037659e+02
    4.28536285e+02 5.45346924e+02 4.71589417e+02 5.52804016e+02
    5.15566956e+02 5.60090088e+02 5.60274109e+02 5.67351440e+02
    6.05430542e+02 5.74512024e+02 6.51243958e+02 5.81467285e+02
    4.23549164e+02 5.89270569e+02 4.66687347e+02 5.96872803e+02
    5.10232819e+02 6.04514160e+02 5.54746948e+02 6.12059204e+02
    5.99576416e+02 6.19315186e+02 6.45060913e+02 6.26441284e+02
    4.19106476e+02 6.32235596e+02 4.61717926e+02 6.40292847e+02
    5.05139038e+02 6.48034729e+02 5.49308899e+02 6.55753235e+02
    5.94121216e+02 6.63221497e+02 6.39191284e+02 6.70461426e+02</data></Image_points>
</opencv_storage>
